65803         C2022 09 01.39674800 03 29.619-30 09 44.61         15.44wU~5mQjF52
65803         C2022 09 01.40695800 03 31.783-30 10 00.50         15.23wU~5mQjF52
65803         C2022 09 01.41707900 03 33.932-30 10 15.52         15.36wU~5mQjF52
65803         C2022 09 01.42722700 03 36.068-30 10 30.63         15.27wU~5mQjF52
65803         C2022 09 01.95126600 05 40.819-30 21 59.08         14.91oV~5naeM22
65803         C2022 09 01.95307100 05 41.210-30 22 01.74         14.93oV~5naeM22
65803         C2022 09 01.95600100 05 41.849-30 22 05.99         14.99oV~5naeM22
65803         C2022 09 01.96141500 05 43.030-30 22 13.87         15.01oV~5naeM22
65803         C2022 09 06.17566200 24 41.520-32 00 38.84         14.79oV~5wYZW68
65803         C2022 09 06.18264600 24 43.430-32 00 49.14         14.82oV~5wYZW68
65803         C2022 09 06.18583000 24 44.304-32 00 53.75         14.81oV~5wYZW68
65803         C2022 09 06.19091300 24 45.701-32 01 01.20         14.79oV~5wYZW68
65803         C2022 09 07.13753500 29 38.662-32 22 32.95         14.75oV~5wYZW68
65803         C2022 09 07.13933700 29 39.190-32 22 35.58         14.79oV~5wYZW68
65803         C2022 09 07.14249800 29 40.118-32 22 40.37         14.82oV~5wYZW68
65803         C2022 09 07.14793900 29 41.707-32 22 48.47         14.79oV~5wYZW68
65803         C2022 09 07.94121300 33 56.412-32 40 41.63         14.74oV~5naeM22
65803         C2022 09 07.94351300 33 57.106-32 40 44.90         14.67oV~5naeM22
65803         C2022 09 07.94667500 33 58.056-32 40 49.30         14.65oV~5naeM22
65803         C2022 09 07.95235100 33 59.758-32 40 57.32         14.66oV~5naeM22
65803         V2022 09 08.33801000 36 11.07 -32 48 50.6          14.8 BV~5pJB270
65803         v2022 09 08.3380101 172.60838  -43.58700    146           ~5pJB270
65803         V2022 09 08.37069800 36 21.69 -32 49 39.4          15.0 BV~5pJB270
65803         v2022 09 08.3706981 172.60838  -43.58700    146           ~5pJB270
65803         V2022 09 08.39696000 36 30.71 -32 50 24.9          14.8 BV~5pJB270
65803         v2022 09 08.3969601 175.46564  -37.91871    119           ~5pJB270
65803         V2022 09 08.40783600 36 33.99 -32 50 35.1          15.2 BV~5pJB270
65803         v2022 09 08.4078361 172.60838  -43.58700    146           ~5pJB270
65803         V2022 09 08.43555100 36 42.96 -32 51 15.8          14.9 BV~5pJB270
65803         v2022 09 08.4355511 172.60838  -43.58700    146           ~5pJB270
65803         V2022 09 08.43728100 36 43.61 -32 51 25.0          14.8 BV~5pJB270
65803         v2022 09 08.4372811 175.46564  -37.91871    119           ~5pJB270
65803         V2022 09 08.47567200 36 55.83 -32 52 21.0          15.0 BV~5pJB270
65803         v2022 09 08.4756721 175.46564  -37.91871    119           ~5pJB270
65803         V2022 09 08.51357700 37 07.78 -32 53 14.8          14.9 BV~5pJB270
65803         v2022 09 08.5135771 175.46564  -37.91871    119           ~5pJB270
65803         C2022 09 08.92547400 39 29.834-33 02 20.83         14.84oV~5pJBM22
65803         C2022 09 08.92682600 39 30.274-33 02 22.85         14.80oV~5pJBM22
65803         C2022 09 08.92727600 39 30.406-33 02 23.28         14.85oV~5pJBM22
65803         C2022 09 08.92862800 39 30.842-33 02 25.40         14.72oV~5pJBM22
65803         C2022 09 08.93018500 39 31.337-33 02 27.38         14.77oV~5pJBM22
65803         C2022 09 08.93244100 39 32.062-33 02 30.66         14.76oV~5pJBM22
65803         C2022 09 08.93625900 39 33.271-33 02 35.77         14.75oV~5pJBM22
65803         C2022 09 08.93761000 39 33.706-33 02 37.90         14.73oV~5pJBM22
65803         C2022 09 09.30185500 41 38.045-33 10 33.82         14.66oV~5pJBW68
65803         C2022 09 09.30230600 41 38.196-33 10 34.43         14.72oV~5pJBW68
65803         C2022 09 09.30275600 41 38.338-33 10 35.00         14.67oV~5pJBW68
65803         C2022 09 09.30320700 41 38.477-33 10 35.47         14.69oV~5pJBW68
65803         C2022 09 09.30365800 41 38.630-33 10 36.12         14.71oV~5pJBW68
65803        KC2022 09 10.15508800 46 49.788-33 28 49.46         14.9 GX~5pJBY00
65803        KC2022 09 10.15779100 46 50.694-33 28 52.89         14.8 GX~5pJBY00
65803        KC2022 09 10.16030100 46 51.532-33 28 56.16         14.9 GX~5pJBY00
65803         C2022 09 12.18328901 00 05.083-34 08 40.16         14.57oV~5pJBW68
65803         C2022 09 12.18651501 00 06.310-34 08 44.23         14.52oV~5pJBW68
65803         C2022 09 12.18786601 00 06.818-34 08 46.03         14.46oV~5pJBW68
65803         C2022 09 12.18968101 00 07.512-34 08 48.19         14.51oV~5pJBW68
65803         C2022 09 12.19155601 00 08.227-34 08 50.32         14.52oV~5pJBW68
65803         C2022 09 12.19290801 00 08.743-34 08 52.15         14.60oV~5pJBW68
65803         C2022 09 12.19698401 00 10.310-34 08 57.05         14.66oV~5pJBW68
65803         C2022 09 12.19835001 00 10.814-34 08 58.81         14.58oV~5pJBW68
65803        KC2022 09 12.98175901 05 45.009-34 22 52.37         14.8 GX~5pJBY00
65803        KC2022 09 12.99208001 05 49.344-34 23 05.98         14.7 GX~5pJBY00
65803        KC2022 09 13.00346801 05 54.068-34 23 20.90         14.7 GX~5pJBY00
65803         C2022 09 14.03473901 13 23.796-34 40 43.10         14.45oV~5pJBM22
65803         C2022 09 14.03835101 13 25.308-34 40 46.42         14.48oV~5pJBM22
65803         C2022 09 14.04350401 13 27.461-34 40 51.10         14.40oV~5pJBM22
65803         C2022 09 14.06656501 13 37.128-34 41 11.36         14.41oV~5pJBM22
65803        KC2022 09 14.15873 01 14 24.44 -34 43 16.0          14.6 Vq~5pJBX33
65803        KC2022 09 14.16124 01 14 25.52 -34 43 18.8          14.7 Vq~5pJBX33
65803        KC2022 09 14.16379 01 14 26.59 -34 43 21.4          14.5 Vq~5pJBX33
65803         V2022 09 15.36961501 23 57.78 -34 59 26.6          14.9 BV~5pJB270
65803         v2022 09 15.3696151 175.46578  -37.91864    105           ~5pJB270
65803         V2022 09 15.40847101 24 16.26 -35 00 06.3          14.5 BV~5pJB270
65803         v2022 09 15.4084711 175.46578  -37.91864    105           ~5pJB270
65803         V2022 09 15.44846901 24 34.89 -35 00 46.1          14.6 BV~5pJB270
65803         v2022 09 15.4484691 175.46578  -37.91864    105           ~5pJB270
65803         V2022 09 15.48991601 24 54.01 -35 01 25.4          14.4 BV~5pJB270
65803         v2022 09 15.4899161 175.46578  -37.91864    105           ~5pJB270
65803         C2022 09 15.79722901 27 28.351-35 04 57.07         14.83cV~5pJBM22
65803         C2022 09 15.80003001 27 29.724-35 04 59.99         14.84cV~5pJBM22
65803         C2022 09 15.80622601 27 32.753-35 05 06.07         14.86cV~5pJBM22
65803         C2022 09 15.80903701 27 34.126-35 05 08.92         14.84cV~5pJBM22
65803         C2022 09 15.91322701 28 23.832-35 06 47.70         14.84cV~5pJBM22
65803        KC2022 09 16.09733 01 29 58.26 -35 09 29.8          14.4 Vq~5pJBX33
65803        KC2022 09 16.09988 01 29 59.45 -35 09 31.6          14.1 Vq~5pJBX33
65803        KC2022 09 16.10244 01 30 00.67 -35 09 34.3          14.4 Vq~5pJBX33
65803         C2022 09 16.37440601 32 18.156-35 13 04.37         14.49oV~5pJBT08
65803         C2022 09 16.38047101 32 21.074-35 13 09.62         14.45oV~5pJBT08
65803         C2022 09 16.38108101 32 21.394-35 13 10.85         14.48oV~5pJBT05
65803         C2022 09 16.38556801 32 23.542-35 13 14.38         14.46oV~5pJBT08
65803         C2022 09 16.38741201 32 24.439-35 13 16.64         14.39oV~5pJBT05
65803         C2022 09 16.39168601 32 26.482-35 13 19.60         14.37oV~5pJBT08
65803         C2022 09 16.39334801 32 27.283-35 13 21.58         14.37oV~5pJBT05
65803         C2022 09 16.40592801 32 33.300-35 13 32.30         14.38oV~5pJBT05
65803         C2022 09 17.12226501 38 37.793-35 19 22.98         14.42oV~5pJBM22
65803         C2022 09 17.12777601 38 40.531-35 19 24.96         14.42oV~5pJBM22
65803         C2022 09 17.13193401 38 42.598-35 19 26.44         14.39oV~5pJBM22
65803         C2022 09 17.14222401 38 47.734-35 19 29.86         14.34oV~5pJBM22
65803         C2022 09 17.15134201 38 52.296-35 19 32.84         14.32oV~5pJBM22
65803        dC2022 09 17.72344 01 44 01.85 -35 24 16.4          14.4 GV~5pJBQ62
65803        dC2022 09 17.72440 01 44 02.33 -35 24 16.9          14.5 GV~5pJBQ62
65803        dC2022 09 17.72537 01 44 02.81 -35 24 17.1          14.4 GV~5pJBQ62
65803        dC2022 09 17.72634 01 44 03.30 -35 24 17.5          14.5 GV~5pJBQ62
65803        dC2022 09 17.72730 01 44 03.78 -35 24 17.8          14.5 GV~5pJBQ62
65803        dC2022 09 17.72825 01 44 04.27 -35 24 18.0          14.6 GV~5pJBQ62
65803        dC2022 09 17.72920 01 44 04.75 -35 24 18.3          14.5 GV~5pJBQ62
65803        dC2022 09 17.73015 01 44 05.23 -35 24 18.6          14.5 GV~5pJBQ62
65803        dC2022 09 17.73108 01 44 05.70 -35 24 18.9          14.5 GV~5pJBQ62
65803        dC2022 09 17.73204 01 44 06.18 -35 24 19.3          14.5 GV~5pJBQ62
65803        dC2022 09 17.73297 01 44 06.66 -35 24 19.5          14.4 GV~5pJBQ62
65803        dC2022 09 17.73392 01 44 07.14 -35 24 19.8          14.5 GV~5pJBQ62
65803        dC2022 09 17.73487 01 44 07.61 -35 24 20.1          14.5 GV~5pJBQ62
65803        dC2022 09 17.73583 01 44 08.11 -35 24 20.4          14.5 GV~5pJBQ62
65803        dC2022 09 17.73678 01 44 08.59 -35 24 20.7          14.4 GV~5pJBQ62
65803        dC2022 09 17.73770 01 44 09.04 -35 24 20.8          14.5 GV~5pJBQ62
65803        dC2022 09 17.73865 01 44 09.52 -35 24 21.2          14.4 GV~5pJBQ62
65803        dC2022 09 17.73962 01 44 10.01 -35 24 21.4          14.4 GV~5pJBQ62
65803        dC2022 09 17.74053 01 44 10.48 -35 24 21.7          14.4 GV~5pJBQ62
65803        dC2022 09 17.74147 01 44 10.95 -35 24 22.0          14.4 GV~5pJBQ62
65803        dC2022 09 17.74239 01 44 11.42 -35 24 22.3          14.4 GV~5pJBQ62
65803        dC2022 09 17.74332 01 44 11.90 -35 24 22.6          14.4 GV~5pJBQ62
65803        dC2022 09 17.74428 01 44 12.38 -35 24 22.8          14.4 GV~5pJBQ62
65803        dC2022 09 17.74524 01 44 12.86 -35 24 23.1          14.5 GV~5pJBQ62
65803        dC2022 09 17.74620 01 44 13.35 -35 24 23.4          14.5 GV~5pJBQ62
65803         C2022 09 20.21220802 07 57.000-35 31 16.82         14.36oV~5pJBW68
65803         C2022 09 20.23020602 08 07.142-35 31 17.15         14.41oV~5pJBW68
65803         C2022 09 20.23290902 08 08.662-35 31 17.15         14.38oV~5pJBW68
65803         C2022 09 20.23741302 08 11.215-35 31 17.11         14.41oV~5pJBW68
65803         C2022 09 20.23786402 08 11.455-35 31 17.15         14.38oV~5pJBW68
65803         C2022 09 20.24011402 08 12.737-35 31 17.15         14.39oV~5pJBW68
65803         C2022 09 20.24462202 08 15.266-35 31 17.00         14.41oV~5pJBW68
65803         C2022 09 20.24965202 08 18.089-35 31 16.79         14.37oV~5pJBW68
65803         C2022 09 20.92321202 15 13.975-35 28 46.34         14.28oV~5pJBM22
65803         C2022 09 20.92609002 15 15.662-35 28 46.20         14.24oV~5pJBM22
65803         C2022 09 20.93119302 15 18.660-35 28 45.66         14.27oV~5pJBM22
65803         C2022 09 20.94393402 15 26.119-35 28 44.33         14.25oV~5pJBM22
65803         C2022 09 22.41582202 31 05.866-35 17 49.06         14.21oV~5pJBT05
65803         C2022 09 22.43029602 31 14.767-35 17 42.32         14.23oV~5pJBT05
65803         C2022 09 22.44485902 31 23.683-35 17 35.09         14.24oV~5pJBT05
65803         C2022 09 22.45923102 31 32.450-35 17 27.35         14.23oV~5pJBT05
65803         C2022 09 22.47349802 31 41.114-35 17 19.32         14.25oV~5pJBT05
65803         C2022 09 22.48799602 31 49.908-35 17 10.57         14.30oV~5pJBT05
65803         C2022 09 22.50700702 32 01.416-35 16 58.44         14.27oV~5pJBT05
65803         C2022 09 23.10935 02 38 46.32 -35 07 30.3          14.9 R ~5rv7H78
65803         C2022 09 23.11187 02 38 47.95 -35 07 29.3          14.8 R ~5rv7H78
65803         C2022 09 23.11313 02 38 48.77 -35 07 28.5          14.6 R ~5rv7H78
65803         C2022 09 23.16325602 39 19.534-35 06 13.10         14.28oV~5pJBW68
65803         C2022 09 23.19505402 39 39.679-35 05 50.57         14.28oV~5pJBW68
65803         C2022 09 23.22717502 39 59.858-35 05 25.94         14.29oV~5pJBW68
65803         C2022 09 23.23292202 40 03.456-35 05 21.34         14.30oV~5pJBW68
65803         C2022 09 23.23579202 40 05.244-35 05 19.00         14.27oV~5pJBW68
65803         C2022 09 23.24036602 40 08.107-35 05 15.14         14.36oV~5pJBW68
65803         C2022 09 23.24541302 40 11.263-35 05 11.00         14.37oV~5pJBW68
65803         C2022 09 23.25906402 40 19.774-35 04 59.23         14.29oV~5pJBW68
65803         C2022 09 23.45581302 42 33.866-35 02 56.51         14.71cV~5pJBT08
65803         C2022 09 23.47463802 42 45.658-35 02 40.13         14.66cV~5pJBT08
65803         C2022 09 23.48561102 42 52.502-35 02 30.34         14.62cV~5pJBT08
65803         C2022 09 23.50632202 43 05.412-35 02 11.08         14.94cV~5pJBT08
65803         C2022 09 23.52989402 43 20.074-35 01 47.35         14.95cV~5pJBT08
65803         C2022 09 23.55656302 43 36.646-35 01 19.06         14.69cV~5pJBT08
65803         C2022 09 23.58896602 43 56.844-35 00 42.08         14.87cV~5pJBT08
65803         C2022 09 23.62540502 44 19.702-34 59 57.41         14.74cV~5pJBT08
65803         C2022 09 23.63974802 44 28.764-34 59 39.01         14.70cV~5pJBT08
65803        2C2022 09 25.57425 03 06 55.34 -34 12 32.4          14.4 GV~5pJBQ62
65803        2C2022 09 25.58079 03 06 59.67 -34 12 22.7          14.5 GV~5pJBQ62
65803        2C2022 09 25.58514 03 07 02.59 -34 12 16.0          14.4 GV~5pJBQ62
65803        2C2022 09 25.59372 03 07 08.22 -34 12 03.1          14.5 GV~5pJBQ62
65803         C2022 09 26.09635 03 12 58.43 -33 58 33.4                V~5rv7204
65803         C2022 09 26.10142 03 13 01.83 -33 58 23.2          14.4 GV~5rv7204
65803         C2022 09 26.10404 03 13 03.56 -33 58 18.6                V~5rv7204
65803         C2022 09 26.41909303 16 54.254-33 47 07.26         14.65cV~5rv7T08
65803         C2022 09 26.43630803 17 05.887-33 46 37.52         14.24oV~5rv7T05
65803         C2022 09 26.44276003 17 10.186-33 46 24.82         14.73cV~5rv7T08
65803         C2022 09 26.45785503 17 20.328-33 45 58.14         14.27oV~5rv7T05
65803         C2022 09 26.46566103 17 25.495-33 45 42.59         14.65cV~5rv7T08
65803         C2022 09 26.47829003 17 33.950-33 45 19.87         14.26oV~5rv7T05
65803         C2022 09 26.49073903 17 42.151-33 44 55.00         14.64cV~5rv7T08
65803         C2022 09 26.50090303 17 48.955-33 44 36.35         14.15oV~5rv7T05
65803         C2022 09 26.51870103 18 00.631-33 43 59.92         14.67cV~5rv7T08
65803         C2022 09 26.52598003 18 05.520-33 43 46.52         14.22oV~5rv7T05
65803         C2022 09 26.55006303 18 21.293-33 42 55.76         14.73cV~5rv7T08
65803         C2022 09 26.55474003 18 24.475-33 42 47.34         14.24oV~5rv7T05
65803         C2022 09 26.58225703 18 42.502-33 41 47.11         14.69cV~5rv7T08
65803         C2022 09 26.58668803 18 45.547-33 41 39.01         14.17oV~5rv7T05
65803         C2022 09 26.62055303 19 07.812-33 40 21.86         14.69cV~5rv7T08
65803         C2022 09 26.62098303 19 08.227-33 40 22.62         14.21oV~5rv7T05
65803         C2022 09 26.63629103 19 18.266-33 39 45.76         14.79cV~5rv7T08
65803         C2022 09 26.64295603 19 22.834-33 39 32.08         14.25oV~5rv7T05
65803         C2022 09 26.96622 03 23 18.42 -33 27 54.6          14.2 Vq~5rv7M47
65803         C2022 09 26.96708 03 23 19.03 -33 27 55.6          14.7 Vq~5rv7M47
65803         C2022 09 26.96795 03 23 19.76 -33 27 51.9          14.5 Vq~5rv7M47
65803         C2022 09 26.96882 03 23 20.40 -33 27 49.1          13.9 Vq~5rv7M47
65803         C2022 09 26.96969 03 23 20.91 -33 27 47.5          13.7 Vq~5rv7M47
65803         C2022 09 26.97056 03 23 21.50 -33 27 45.6          13.8 Vq~5rv7M47
65803         C2022 09 26.97142 03 23 22.04 -33 27 43.9          12.3 Vq~5rv7M47
65803         C2022 09 26.97229 03 23 22.57 -33 27 41.5          13.6 Vq~5rv7M47
65803         C2022 09 26.97316 03 23 23.25 -33 27 40.0          13.7 Vq~5rv7M47
65803         C2022 09 26.97403 03 23 23.89 -33 27 38.5          13.5 Vq~5rv7M47
65803         C2022 09 26.97490 03 23 24.43 -33 27 35.1          14.2 Vq~5rv7M47
65803         C2022 09 26.97576 03 23 25.08 -33 27 33.8          13.8 Vq~5rv7M47
65803         C2022 09 26.97663 03 23 25.56 -33 27 30.9          13.9 Vq~5rv7M47
65803         C2022 09 26.97750 03 23 26.05 -33 27 29.2          13.8 Vq~5rv7M47
65803         C2022 09 26.97837 03 23 26.72 -33 27 27.7          14.0 Vq~5rv7M47
65803         C2022 09 26.97924 03 23 27.18 -33 27 25.7          14.1 Vq~5rv7M47
65803         C2022 09 26.98010 03 23 27.80 -33 27 24.1          13.9 Vq~5rv7M47
65803         C2022 09 26.98097 03 23 28.50 -33 27 21.2          13.6 Vq~5rv7M47
65803        1C2022 09 27.04709 03 24 15.01 -33 25 05.6          13.2 GV~5rv7C40
65803        1C2022 09 27.06470 03 24 26.93 -33 24 23.9          13.2 GV~5rv7C40
65803        1C2022 09 27.08252 03 24 39.01 -33 23 40.6          13.2 GV~5rv7C40
65803         C2022 09 27.11739 03 25 05.98 -33 22 24.8          13.2 GV~5rv7204
65803         C2022 09 27.12386 03 25 10.35 -33 22 09.6                V~5rv7204
65803         C2022 09 27.13033 03 25 14.73 -33 21 54.5                V~5rv7204
65803         C2022 09 27.15109 03 25 39.38 -33 19 37.8          13.3 R ~5rv8H78
65803         C2022 09 27.15167 03 25 39.79 -33 19 36.9          13.3 R ~5rv8H78
65803         C2022 09 27.15398 03 25 41.39 -33 19 32.2          13.2 R ~5rv8H78
65803         C2022 09 27.15455 03 25 41.78 -33 19 31.1          13.2 R ~5rv8H78
65803         C2022 09 27.15570 03 25 42.58 -33 19 28.8          13.2 R ~5rv8H78
65803         C2022 09 27.15628 03 25 42.99 -33 19 27.6          13.3 R ~5rv8H78
65803         C2022 09 27.15916 03 25 44.98 -33 19 22.0          13.2 R ~5rv8H78
65803         C2022 09 27.15974 03 25 45.37 -33 19 20.7          13.2 R ~5rv8H78
65803         C2022 09 27.26552803 26 55.680-33 14 46.28         12.92oV~5rv8W68
65803         C2022 09 27.26823503 26 57.523-33 14 40.06         13.35oV~5rv8W68
65803         C2022 09 27.27319503 27 00.833-33 14 28.97         12.92oV~5rv8W68
65803         C2022 09 27.29442003 27 15.019-33 13 40.44         13.16oV~5rv8W68
65803         C2022 09 27.40508 03 28 34.25 -33 10 55.5          13.1 GU~5rv8V16
65803         C2022 09 27.40740 03 28 35.82 -33 10 50.0          13.1 GU~5rv8V16
65803         C2022 09 27.40930 03 28 37.12 -33 10 45.2          13.1 GU~5rv8V16
65803         C2022 09 27.41312 03 28 39.65 -33 10 36.5          13.1 GU~5rv8V16
65803         C2022 09 27.41630 03 28 41.78 -33 10 28.6          13.0 GU~5rv8V16
65803         C2022 09 27.41950 03 28 43.91 -33 10 21.1          13.0 GU~5rv8V16
65803         C2022 09 27.42268 03 28 46.02 -33 10 13.6          13.1 GU~5rv8V16
65803         C2022 09 27.42903 03 28 50.30 -33 09 57.9          13.1 GU~5rv8V16
65803         C2022 09 27.95062 03 35 09.89 -32 47 51.9          13.3 Vq~5wYZ088
65803         C2022 09 27.97105 03 35 23.68 -32 47 01.8          13.3 Vq~5wYZ088
65803         C2022 09 27.97178 03 35 24.10 -32 46 58.8          13.3 Vq~5wYZ088
65803         C2022 09 27.97251 03 35 24.61 -32 46 57.4          13.3 Vq~5wYZ088
65803         C2022 09 27.97325 03 35 25.09 -32 46 55.2          13.3 Vq~5wYZ088
65803         C2022 09 27.97398 03 35 25.59 -32 46 53.4          13.3 Vq~5wYZ088
65803         C2022 09 27.97550 03 35 26.63 -32 46 51.4          13.3 Vq~5wYZ088
65803         C2022 09 27.97623 03 35 27.09 -32 46 48.9          13.4 Vq~5wYZ088
65803         C2022 09 27.97696 03 35 27.51 -32 46 46.0          13.3 Vq~5wYZ088
65803         C2022 09 27.97769 03 35 28.08 -32 46 44.0          13.3 Vq~5wYZ088
65803         C2022 09 27.97843 03 35 28.55 -32 46 43.1          13.3 Vq~5wYZ088
65803         C2022 09 27.97916 03 35 29.06 -32 46 40.8          13.3 Vq~5wYZ088
65803         C2022 09 27.97989 03 35 29.50 -32 46 39.3          13.3 Vq~5wYZ088
65803         C2022 09 27.98176 03 35 30.80 -32 46 34.0          13.3 Vq~5wYZ088
65803         C2022 09 27.98249 03 35 31.31 -32 46 32.9          13.3 Vq~5wYZ088
65803         C2022 09 27.98322 03 35 31.76 -32 46 30.5          13.3 Vq~5wYZ088
65803         C2022 09 27.98396 03 35 32.12 -32 46 27.6          13.3 Vq~5wYZ088
65803         C2022 09 27.98469 03 35 32.80 -32 46 27.7          13.3 Vq~5wYZ088
65803         C2022 09 27.98542 03 35 33.25 -32 46 24.6          13.3 Vq~5wYZ088
65803         C2022 09 27.98616 03 35 33.75 -32 46 22.6          13.3 Vq~5wYZ088
65803         C2022 09 27.98802 03 35 34.95 -32 46 18.1          13.4 Vq~5wYZ088
65803         C2022 09 27.98875 03 35 35.48 -32 46 16.0          13.4 Vq~5wYZ088
65803         C2022 09 27.98949 03 35 36.05 -32 46 15.8          13.3 Vq~5wYZ088
65803         C2022 09 27.99022 03 35 36.49 -32 46 13.6          13.3 Vq~5wYZ088
65803         C2022 09 27.99095 03 35 37.08 -32 46 11.5          13.3 Vq~5wYZ088
65803         C2022 09 27.99169 03 35 37.49 -32 46 09.8          13.3 Vq~5wYZ088
65803         C2022 09 27.99242 03 35 37.93 -32 46 07.2          13.4 Vq~5wYZ088
65803         C2022 09 27.99428 03 35 39.30 -32 46 04.1          13.3 Vq~5wYZ088
65803         C2022 09 27.99502 03 35 39.77 -32 46 02.5          13.3 Vq~5wYZ088
65803         C2022 09 27.99575 03 35 40.29 -32 45 59.5          13.4 Vq~5wYZ088
65803         C2022 09 27.99648 03 35 40.55 -32 45 56.6          13.3 Vq~5wYZ088
65803         C2022 09 27.99721 03 35 41.29 -32 45 55.7          13.3 Vq~5wYZ088
65803         C2022 09 27.99795 03 35 41.74 -32 45 53.9          13.3 Vq~5wYZ088
65803         C2022 09 27.99868 03 35 42.22 -32 45 52.8          13.3 Vq~5wYZ088
65803         C2022 09 28.00055 03 35 43.53 -32 45 46.1          13.3 Vq~5wYZ088
65803         C2022 09 28.00128 03 35 43.95 -32 45 44.8          13.3 Vq~5wYZ088
65803         C2022 09 28.00201 03 35 44.44 -32 45 43.0          13.3 Vq~5wYZ088
65803         C2022 09 28.00275 03 35 45.04 -32 45 41.1          13.3 Vq~5wYZ088
65803         C2022 09 28.00348 03 35 45.48 -32 45 40.9          13.4 Vq~5wYZ088
65803         C2022 09 28.00421 03 35 45.84 -32 45 36.1          13.4 Vq~5wYZ088
65803         C2022 09 28.00494 03 35 46.42 -32 45 34.8          13.3 Vq~5wYZ088
65803         C2022 09 28.14197 03 37 32.17 -32 38 07.6          13.4 R ~5rv8H78
65803         C2022 09 28.14370 03 37 33.39 -32 38 03.6          13.2 R ~5rv8H78
65803         C2022 09 28.14773 03 37 36.25 -32 37 54.2          13.3 R ~5rv8H78
65803         C2022 09 28.14888 03 37 37.06 -32 37 51.8          13.1 R ~5rv8H78
65803         C2022 09 28.15061 03 37 38.25 -32 37 47.7          13.3 R ~5rv8H78
65803         C2022 09 28.15234 03 37 39.48 -32 37 43.7          13.4 R ~5rv8H78
65803         C2022 09 28.15291 03 37 39.88 -32 37 42.3          13.2 R ~5rv8H78
65803         C2022 09 28.15349 03 37 40.25 -32 37 40.9          13.2 R ~5rv8H78
65803         C2022 09 28.15406 03 37 40.66 -32 37 39.7          13.3 R ~5rv8H78
65803         C2022 09 28.15464 03 37 41.09 -32 37 38.5          13.2 R ~5rv8H78
65803         C2022 09 28.15695 03 37 42.70 -32 37 33.0          13.3 R ~5rv8H78
65803        KC2022 09 28.18280 03 37 58.55 -32 35 32.7          13.3 Rq~5rv8I47
65803        KC2022 09 28.19057 03 38 03.92 -32 35 13.7          13.3 Rq~5rv8I47
65803        KC2022 09 28.20606 03 38 14.57 -32 34 35.2          13.3 Rq~5rv8I47
65803        KC2022 09 28.40527 03 40 40.37 -32 24 48.6          13.3 Rq~5rv8E94
65803        qC2022 09 28.42459 03 40 47.01 -32 26 41.2          13.3 GV~5rv8H06
65803         C2022 09 28.42669003 40 55.190-32 25 58.84         13.41cV~5rv8T08
65803        qC2022 09 28.43095 03 40 51.31 -32 26 23.1          13.3 GV~5rv8H06
65803         C2022 09 28.44002203 41 04.332-32 25 26.40         13.01oV~5rv8T05
65803         C2022 09 28.44959203 41 10.829-32 25 01.02         13.39cV~5rv8T08
65803         C2022 09 28.46123303 41 18.773-32 24 32.40         12.99oV~5rv8T05
65803        KC2022 09 28.46605 03 41 23.39 -32 22 16.4          12.9 Rq~5rv8E94
65803         C2022 09 28.47095603 41 25.306-32 24 06.01         13.37cV~5rv8T08
65803         C2022 09 28.48122903 41 32.285-32 23 40.38         12.98oV~5rv8T05
65803         C2022 09 28.49497903 41 41.474-32 23 02.87         13.40cV~5rv8T08
65803        KC2022 09 28.49676 03 41 44.76 -32 20 58.2          13.1 Rq~5rv8E94
65803         C2022 09 28.50358403 41 47.316-32 22 41.23         12.99oV~5rv8T05
65803         C2022 09 28.52142603 41 59.184-32 21 51.84         13.42cV~5rv8T08
65803         C2022 09 28.52811703 42 03.722-32 21 34.78         13.00oV~5rv8T05
65803        KC2022 09 28.54018 03 42 14.86 -32 19 06.0          13.1 Rq~5rv8E94
65803         C2022 09 28.55180003 42 19.428-32 20 27.96         13.40cV~5rv8T08
65803         C2022 09 28.55668903 42 22.790-32 20 15.72         12.99oV~5rv8T05
65803         C2022 09 28.58398203 42 40.850-32 18 56.30         13.42cV~5rv8T08
65803         C2022 09 28.58898103 42 44.292-32 18 43.42         13.10oV~5rv8T05
65803         C2022 09 28.61592703 43 02.150-32 17 22.67         13.45cV~5rv8T08
65803         C2022 09 28.62210303 43 06.408-32 17 06.18         13.12oV~5rv8T05
65803         C2022 09 28.64028203 43 18.454-32 16 09.55         13.44cV~5rv8T08
65803         C2022 09 28.64460803 43 21.499-32 15 58.39         13.02oV~5rv8T05
65803         C2022 09 28.99269403 47 40.476-31 57 19.04         13.80cV~5rv8M22
65803         C2022 09 28.99665303 47 43.147-31 57 07.88         13.66cV~5rv8M22
65803         C2022 09 29.00208103 47 46.834-31 56 52.40         13.45cV~5rv8M22
65803         C2022 09 29.01154003 47 53.227-31 56 25.40         13.43cV~5rv8M22
65803         C2022 09 29.07321 03 48 36.50 -31 55 17.4          13.5 Vq~5rv8A77
65803         C2022 09 29.07460 03 48 37.45 -31 55 14.0          13.5 Vq~5rv8A77
65803         C2022 09 29.07634 03 48 38.61 -31 55 08.9          13.5 Vq~5rv8A77
65803         C2022 09 29.07807 03 48 39.82 -31 55 03.6          13.5 Vq~5rv8A77
65803        KC2022 09 29.17878 03 49 56.67 -31 47 33.9          13.5 Rq~5rv8I47
65803        KC2022 09 29.19312 03 50 06.57 -31 46 53.6          13.5 Rq~5rv8I47
65803        KC2022 09 29.21380 03 50 20.77 -31 45 54.6          13.4 Rq~5rv8I47
65803        >C2022 09 29.39954 03 52 31.02 -31 38 24.1          13.4 GV~5rv8H06
65803        >C2022 09 29.40142 03 52 32.27 -31 38 18.3          13.4 GV~5rv8H06
65803        >C2022 09 29.40802 03 52 36.67 -31 37 57.7          13.4 GV~5rv8H06
65803         C2022 09 29.67182903 55 51.58 -31 23 27.2          13.8 Ro~5rv8P37
65803         C2022 09 29.67357603 55 52.83 -31 23 21.6          13.7 Ro~5rv8P37
65803         C2022 09 29.67526603 55 53.96 -31 23 16.9          13.7 Ro~5rv8P37
65803         C2022 09 29.67687503 55 55.14 -31 23 11.6          14.0 Ro~5rv8P37
65803         C2022 09 29.67798603 55 55.80 -31 23 08.8          13.5 Ro~5rv8P37
65803         C2022 09 29.68010403 55 57.25 -31 23 03.4          14.0 Ro~5rv8P37
65803         C2022 09 29.68113403 55 57.84 -31 22 59.7          13.7 Ro~5rv8P37
65803         C2022 09 29.68237303 55 58.70 -31 22 56.4          13.3 Ro~5rv8P37
65803         C2022 09 29.68356503 55 59.79 -31 22 51.5          13.8 Ro~5rv8P37
65803         C2022 09 29.68604203 56 01.35 -31 22 44.2          13.3 Ro~5rv8P37
65803         C2022 09 29.74125 03 56 36.64 -31 20 09.5          13.3 GV~5rv8P87
65803         C2022 09 29.74909 03 56 41.90 -31 19 44.3          13.4 GV~5rv8P87
65803         C2022 09 29.75753 03 56 47.54 -31 19 17.0          13.3 GV~5rv8P87
65803         C2022 09 30.02498 04 00 00.53 -31 04 34.5          13.0 RV~5rv8A92
65803         C2022 09 30.02900 04 00 03.24 -31 04 21.4          12.8 RV~5rv8A92
65803         C2022 09 30.03499 04 00 07.30 -31 04 03.2          13.0 RV~5rv8A92
65803         C2022 09 30.03983 04 00 10.54 -31 03 45.9          12.9 RV~5rv8A92
65803         C2022 09 30.04345 04 00 12.98 -31 03 34.1          12.6 RV~5rv8A92
65803         C2022 09 30.04651 04 00 15.06 -31 03 24.4          12.5 RV~5rv8A92
65803         C2022 09 30.04880 04 00 16.62 -31 03 17.0          12.6 RV~5rv8A92
65803         C2022 09 30.05293 04 00 19.33 -31 03 02.2          12.7 RV~5rv8A92
65803        KC2022 09 30.14634 04 01 32.65 -30 55 08.2          13.5 Rq~5rv8I47
65803        KC2022 09 30.21288 04 02 18.54 -30 51 38.3          13.5 Rq~5rv8I47
65803        KC2022 09 30.27431 04 03 00.04 -30 48 17.8          13.5 Rq~5rv8I47
65803        AC2022 09 30.38596 04 04 19.49 -30 43 48.8          13.5 GX~5rv8H06
65803        AC2022 09 30.39012 04 04 22.27 -30 43 34.7          13.4 GX~5rv8H06
65803        AC2022 09 30.39343 04 04 24.48 -30 43 23.5          13.5 GX~5rv8H06
65803        AC2022 09 30.39757 04 04 27.27 -30 43 09.3          13.4 GX~5rv8H06
65803        AC2022 09 30.40170 04 04 30.02 -30 42 55.2          13.5 GX~5rv8H06
65803        dC2022 09 30.60919 04 07 01.86 -30 28 39.5          13.5 GV~5rv8Q62
65803        dC2022 09 30.61007 04 07 02.45 -30 28 36.5          13.5 GV~5rv8Q62
65803        dC2022 09 30.61095 04 07 03.09 -30 28 33.8          13.5 GV~5rv8Q62
65803        dC2022 09 30.61183 04 07 03.67 -30 28 30.7          13.5 GV~5rv8Q62
65803        dC2022 09 30.61269 04 07 04.25 -30 28 27.8          13.5 GV~5rv8Q62
65803        dC2022 09 30.61356 04 07 04.84 -30 28 24.8          13.5 GV~5rv8Q62
65803        dC2022 09 30.61443 04 07 05.42 -30 28 22.0          13.5 GV~5rv8Q62
65803        dC2022 09 30.61531 04 07 06.01 -30 28 19.0          13.5 GV~5rv8Q62
65803        dC2022 09 30.61618 04 07 06.61 -30 28 16.0          13.6 GV~5rv8Q62
65803        dC2022 09 30.61705 04 07 07.19 -30 28 13.3          13.6 GV~5rv8Q62
65803        dC2022 09 30.61791 04 07 07.76 -30 28 10.4          13.6 GV~5rv8Q62
65803        dC2022 09 30.61877 04 07 08.36 -30 28 07.6          13.6 GV~5rv8Q62
65803        dC2022 09 30.61964 04 07 08.95 -30 28 04.4          13.6 GV~5rv8Q62
65803        KC2022 09 30.69295 04 07 58.992-30 25 43.64         13.2 Vq~5rv8Q21
65803        KC2022 09 30.70986 04 08 10.291-30 24 44.75         13.4 Vq~5rv8Q21
65803        KC2022 09 30.71512 04 08 13.800-30 24 26.17         13.4 Vq~5rv8Q21
65803        KC2022 09 30.72036 04 08 17.306-30 24 07.92         13.3 Vq~5rv8Q21
65803        KC2022 09 30.72561 04 08 20.779-30 23 49.27         13.4 Vq~5rv8Q21
65803         C2022 10 01.09076 04 12 40.47 -30 01 35.7          13.8 Vq~5rv8A77
65803         C2022 10 01.09562 04 12 43.75 -30 01 18.3          13.8 Vq~5rv8A77
65803         C2022 10 01.10048 04 12 47.07 -30 00 59.9          13.8 Vq~5rv8A77
65803        KC2022 10 01.17628 04 13 45.76 -29 53 45.1          13.6 Rq~5rv8I47
65803        KC2022 10 01.21944 04 14 15.05 -29 51 13.4          13.6 Rq~5rv8I47
65803        KC2022 10 01.26630 04 14 46.39 -29 48 25.0          13.6 Rq~5rv8I47
65803         C2022 10 01.26818804 14 48.010-29 48 27.79         13.31oV~5rv8W68
65803         C2022 10 01.27283004 14 51.096-29 48 11.09         13.62oV~5rv8W68
65803         C2022 10 01.27553304 14 52.872-29 48 01.12         13.26oV~5rv8W68
65803         C2022 10 01.28699004 15 00.437-29 47 19.21         13.24oV~5rv8W68
65803        KC2022 10 01.86946 04 21 53.62 -29 11 06.3          13.7 Vq~5rv8M44
65803        KC2022 10 01.87105 04 21 54.68 -29 11 00.5          13.7 Vq~5rv8M44
65803        KC2022 10 01.87240 04 21 55.57 -29 10 55.5          13.7 Vq~5rv8M44
65803        KC2022 10 01.87363 04 21 56.39 -29 10 50.9          13.7 Vq~5rv8M44
65803        KC2022 10 01.87487 04 21 57.22 -29 10 46.4          13.7 Vq~5rv8M44
65803        KC2022 10 01.87622 04 21 58.11 -29 10 41.3          13.7 Vq~5rv8M44
65803        KC2022 10 01.87760 04 21 59.03 -29 10 36.1          13.8 Vq~5rv8M44
65803        KC2022 10 01.87890 04 21 59.89 -29 10 31.2          13.8 Vq~5rv8M44
65803        KC2022 10 01.88017 04 22 00.73 -29 10 26.5          13.7 Vq~5rv8M44
65803        KC2022 10 01.88144 04 22 01.58 -29 10 21.8          13.8 Vq~5rv8M44
65803        KC2022 10 01.89308 04 22 09.21 -29 09 38.3          13.7 Vq~5rv8M44
65803        KC2022 10 01.89469 04 22 10.27 -29 09 32.1          13.7 Vq~5rv8M44
65803        KC2022 10 01.89630 04 22 11.34 -29 09 25.9          13.7 Vq~5rv8M44
65803        KC2022 10 01.89803 04 22 12.49 -29 09 19.5          13.6 Vq~5rv8M44
65803        KC2022 10 01.89965 04 22 13.55 -29 09 13.4          13.7 Vq~5rv8M44
65803        KC2022 10 01.90126 04 22 14.61 -29 09 07.2          13.8 Vq~5rv8M44
65803        KC2022 10 01.90299 04 22 15.77 -29 09 00.8          13.8 Vq~5rv8M44
65803        KC2022 10 01.90466 04 22 16.86 -29 08 54.2          13.8 Vq~5rv8M44
65803        KC2022 10 01.90634 04 22 17.95 -29 08 47.8          13.8 Vq~5rv8M44
65803        KC2022 10 01.90818 04 22 19.17 -29 08 40.9          13.8 Vq~5rv8M44
65803        KC2022 10 01.90979 04 22 20.23 -29 08 34.9          13.8 Vq~5rv8M44
65803        KC2022 10 01.91139 04 22 21.29 -29 08 28.9          13.8 Vq~5rv8M44
65803        KC2022 10 01.91354 04 22 22.70 -29 08 20.6          13.8 Vq~5rv8M44
65803        KC2022 10 01.91554 04 22 24.00 -29 08 12.9          13.8 Vq~5rv8M44
65803        KC2022 10 01.91715 04 22 25.05 -29 08 06.8          13.7 Vq~5rv8M44
65803        KC2022 10 01.91888 04 22 26.19 -29 08 00.3          13.7 Vq~5rv8M44
65803        KC2022 10 01.92049 04 22 27.23 -29 07 54.0          13.8 Vq~5rv8M44
65803        KC2022 10 01.92209 04 22 28.29 -29 07 47.9          13.7 Vq~5rv8M44
65803        KC2022 10 01.92384 04 22 29.43 -29 07 41.3          13.8 Vq~5rv8M44
65803        KC2022 10 01.92546 04 22 30.48 -29 07 35.2          13.8 Vq~5rv8M44
65803        KC2022 10 01.92707 04 22 31.54 -29 07 28.9          13.8 Vq~5rv8M44
65803        KC2022 10 01.92881 04 22 32.67 -29 07 22.3          13.8 Vq~5rv8M44
65803        KC2022 10 01.93042 04 22 33.72 -29 07 16.0          13.7 Vq~5rv8M44
65803        KC2022 10 01.93203 04 22 34.77 -29 07 10.0          13.8 Vq~5rv8M44
65803        KC2022 10 01.93414 04 22 36.15 -29 07 01.7          13.7 Vq~5rv8M44
65803        KC2022 10 01.93611 04 22 37.44 -29 06 54.2          13.7 Vq~5rv8M44
65803        KC2022 10 01.93753 04 22 38.35 -29 06 48.6          13.8 Vq~5rv8M44
65803        KC2022 10 01.93878 04 22 39.16 -29 06 43.9          13.8 Vq~5rv8M44
65803        KC2022 10 01.94004 04 22 39.98 -29 06 39.0          13.7 Vq~5rv8M44
65803        KC2022 10 01.94130 04 22 40.80 -29 06 34.2          13.7 Vq~5rv8M44
65803        1C2022 10 02.03616 04 23 44.36 -29 00 38.2          13.7 GV~5rv8C40
65803        1C2022 10 02.03781 04 23 45.44 -29 00 31.3          13.6 GV~5rv8C40
65803        1C2022 10 02.03944 04 23 46.52 -29 00 24.8          13.7 GV~5rv8C40
65803        1C2022 10 02.04634 04 23 51.07 -28 59 57.2          13.7 GV~5rv8C40
65803        1C2022 10 02.06154 04 24 01.02 -28 58 55.7          13.7 GV~5rv8C40
65803        1C2022 10 02.06191 04 24 01.25 -28 58 54.3          13.6 GV~5rv8C40
65803        1C2022 10 02.06314 04 24 02.07 -28 58 49.2          13.6 GV~5rv8C40
65803         C2022 10 02.11437 04 24 40.89 -28 55 19.0          13.8 GV~5rv8J01
65803         C2022 10 02.12248 04 24 46.20 -28 54 47.1          13.6 GV~5rv8J01
65803         C2022 10 02.13061 04 24 51.56 -28 54 14.1          13.7 GV~5rv8J01
65803         C2022 10 02.15507 04 25 07.43 -28 52 32.2          13.6 GV~5rv8I88
65803         C2022 10 02.15660 04 25 08.41 -28 52 26.7          13.6 GV~5rv8I88
65803         C2022 10 02.15712 04 25 08.73 -28 52 24.4          13.6 GV~5rv8I88
65803         C2022 10 02.30310604 26 52.313-28 40 31.98         13.49oV~5rv8W68
65803         C2022 10 02.30490804 26 53.482-28 40 24.74         13.50oV~5rv8W68
65803         C2022 10 02.30806104 26 55.517-28 40 12.14         13.48oV~5rv8W68
65803         C2022 10 02.31976504 27 03.079-28 39 25.06         13.56oV~5rv8W68
65803         C2022 10 02.75803 04 32 06.12 -28 10 53.8          13.5 GV~5rv8P87
65803         C2022 10 02.76419 04 32 10.08 -28 10 28.1          13.6 GV~5rv8P87
65803         C2022 10 02.76995 04 32 13.76 -28 10 03.4          13.6 GV~5rv8P87
65803         C2022 10 03.04617504 35 24.922-27 48 25.96         13.85cV~5rv8M22
65803         C2022 10 03.04888604 35 26.652-27 48 14.62         13.98cV~5rv8M22
65803         C2022 10 03.05409504 35 29.974-27 47 52.69         13.82cV~5rv8M22
65803        KC2022 10 03.05690 04 35 33.550-27 49 39.61         13.6 rZ~5wYZ213
65803         C2022 10 03.05925104 35 33.252-27 47 30.91         13.83cV~5rv8M22
65803        KC2022 10 03.06771 04 35 40.538-27 48 54.58         13.6 rZ~5wYZ213
65803        KC2022 10 03.07802 04 35 47.189-27 48 11.56         13.6 rZ~5wYZ213
65803         C2022 10 03.12167 04 36 14.40 -27 45 11.2                V~5wYZ204
65803         C2022 10 03.12803 04 36 18.49 -27 44 43.6                V~5wYZ204
65803         C2022 10 03.13438 04 36 22.58 -27 44 16.3                V~5wYZ204
65803         C2022 10 03.14075 04 36 26.66 -27 43 48.5                V~5wYZ204
65803         C2022 10 03.14605 04 36 30.07 -27 43 25.6          13.9 GV~5wYZ204
65803         C2022 10 03.39378 04 39 22.43 -27 25 10.0          13.8 GU~5rv8V16
65803         C2022 10 03.39667 04 39 24.22 -27 24 57.0          13.8 GU~5rv8V16
65803         C2022 10 03.39997 04 39 26.36 -27 24 43.8          13.8 GU~5rv8V16
65803         C2022 10 03.40286 04 39 28.19 -27 24 31.5          13.8 GU~5rv8V16
65803         C2022 10 03.40597 04 39 30.14 -27 24 17.9          13.8 GU~5rv8V16
65803         C2022 10 03.40907 04 39 32.10 -27 24 04.5          13.8 GU~5rv8V16
65803         C2022 10 03.41114 04 39 33.38 -27 23 55.2          13.8 GU~5rv8V16
65803         C2022 10 03.41527 04 39 36.00 -27 23 37.7          13.9 GU~5rv8V16
65803         C2022 10 03.41672 04 39 36.95 -27 23 31.5          13.8 GU~5rv8V16
65803         C2022 10 03.41837 04 39 37.96 -27 23 24.7          13.8 GU~5rv8V16
65803         C2022 10 03.99813204 46 10.831-26 38 09.71         13.52oV~5rv8M22
65803         C2022 10 03.99993504 46 11.969-26 38 01.93         13.52oV~5rv8M22
65803         C2022 10 04.00831804 46 17.242-26 37 25.32         13.53oV~5rv8M22
65803         C2022 10 04.01424604 46 20.969-26 36 59.44         13.54oV~5rv8M22
65803        AC2022 10 04.38309 04 50 25.32 -26 10 51.5          13.7 GV~5rv8H06
65803        AC2022 10 04.38978 04 50 29.45 -26 10 21.6          13.7 GV~5rv8H06
65803        AC2022 10 04.39649 04 50 33.61 -26 09 51.3          13.7 GV~5rv8H06
65803        3C2022 10 05.05465 04 57 42.100-25 18 40.79         14.5 Gq~5wYZ095
65803        3C2022 10 05.06473 04 57 48.217-25 17 53.13         14.5 Gq~5wYZ095
65803        3C2022 10 05.07481 04 57 54.326-25 17 05.47         14.5 Gq~5wYZ095
65803        3C2022 10 06.05485 05 08 19.844-23 58 04.66         14.4 Gq~5wYZ095
65803        3C2022 10 06.07331 05 08 30.687-23 56 34.01         14.4 Gq~5wYZ095
65803        3C2022 10 06.09178 05 08 41.510-23 55 03.31         14.4 Gq~5wYZ095
65803         C2022 10 06.12794 05 09 05.75 -23 52 09.0          14.1 GV~5wYZC23
65803         C2022 10 06.13019 05 09 07.10 -23 51 57.9          14.0 GV~5wYZC23
65803         C2022 10 06.13243 05 09 08.42 -23 51 47.2          14.0 GV~5wYZC23
65803         C2022 10 06.13468 05 09 09.73 -23 51 35.9          14.0 GV~5wYZC23
65803        KC2022 10 06.13807 05 09 11.16 -23 51 17.7          13.9 Rq~5wYZ215
65803        KC2022 10 06.14010 05 09 12.35 -23 51 07.6          13.8 Rq~5wYZ215
65803        KC2022 10 06.14194 05 09 13.45 -23 50 59.2          13.9 Rq~5wYZ215
65803         C2022 10 06.22248505 10 09.821-23 41 53.38         13.69oV~5wYZW68
65803         C2022 10 06.22474205 10 11.170-23 41 42.76         13.71oV~5wYZW68
65803         C2022 10 06.22799305 10 13.094-23 41 27.46         13.69oV~5wYZW68
65803         C2022 10 06.23387605 10 16.577-23 40 59.63         13.72oV~5wYZW68
65803         C2022 10 07.04163 05 18 29.12 -22 36 10.9          13.4 RV~5wYZA92
65803         C2022 10 07.04630 05 18 31.80 -22 35 48.6          13.3 RV~5wYZA92
65803         C2022 10 07.05002 05 18 33.91 -22 35 29.1          13.4 RV~5wYZA92
65803         C2022 10 07.05473 05 18 36.57 -22 35 06.1          13.3 RV~5wYZA92
65803         C2022 10 07.06343 05 18 41.50 -22 34 23.1          13.4 RV~5wYZA92
65803         C2022 10 07.06965 05 18 44.99 -22 33 52.0          13.3 RV~5wYZA92
65803         C2022 10 07.07584 05 18 48.54 -22 33 21.0          13.4 RV~5wYZA92
65803         C2022 10 07.07858 05 18 50.03 -22 33 07.5          13.5 RV~5wYZA92
65803        5C2022 10 07.08783505 18 54.612-22 32 23.01         13.6 GV~60kT089
65803        5C2022 10 07.08981805 18 55.748-22 32 12.97         13.5 GV~60kT089
65803        5C2022 10 07.09181005 18 56.890-22 32 03.15         13.5 GV~60kT089
65803         C2022 10 07.09332 05 19 00.21 -22 31 52.6                V~5wYZ204
65803        5C2022 10 07.09579205 18 59.115-22 31 42.96         13.5 GV~60kT089
65803        5C2022 10 07.09778205 19 00.270-22 31 32.72         13.4 GV~60kT089
65803         C2022 10 07.10062 05 19 04.35 -22 31 16.2                V~5wYZ204
65803        5C2022 10 07.10176305 19 02.522-22 31 13.21         13.4 GV~60kT089
65803        5C2022 10 07.10375505 19 03.641-22 31 02.83         13.5 GV~60kT089
65803        5C2022 10 07.10574405 19 04.758-22 30 53.04         13.5 GV~60kT089
65803        5C2022 10 07.10773705 19 05.902-22 30 42.72         13.5 GV~60kT089
65803         C2022 10 07.10833 05 19 08.71 -22 30 37.8                V~5wYZ204
65803        5C2022 10 07.10972605 19 07.011-22 30 32.61         13.5 GV~60kT089
65803         C2022 10 07.11604 05 19 13.08 -22 29 59.4          14.2 GV~5wYZ204
65803         C2022 10 07.12334 05 19 17.21 -22 29 22.8                V~5wYZ204
65803        KC2022 10 07.35252 05 21 33.26 -22 08 52.8          14.4 Vq~5wYZX33
65803        KC2022 10 07.35736 05 21 35.88 -22 08 28.3          14.2 Vq~5wYZX33
65803        KC2022 10 07.35948 05 21 37.03 -22 08 17.3          14.3 Vq~5wYZX33
65803        KC2022 10 07.36140 05 21 38.07 -22 08 07.6          14.3 Vq~5wYZX33
65803        KC2022 10 07.36313 05 21 39.00 -22 07 58.8          14.3 Vq~5wYZX33
65803        KC2022 10 07.36491 05 21 39.96 -22 07 49.6          14.3 Vq~5wYZX33
65803         C2022 10 07.49643505 22 58.926-21 57 42.77         13.76GV~5wYZ703
65803         C2022 10 07.50161005 23 01.766-21 57 15.84         13.87GV~5wYZ703
65803         C2022 10 07.51196205 23 07.447-21 56 23.17         13.81GV~5wYZ703
65803         C2022 10 08.05208405 28 29.270-21 08 26.05         13.84oV~5wYZM22
65803         C2022 10 08.05433805 28 30.490-21 08 14.68         13.87oV~5wYZM22
65803         C2022 10 08.05795005 28 32.434-21 07 56.68         13.90oV~5wYZM22
65803        KC2022 10 08.05923 05 28 33.69 -21 10 01.1          14.3 GV~5wYZK83
65803        KC2022 10 08.06365 05 28 36.11 -21 09 38.8          14.3 GV~5wYZK83
65803        KC2022 10 08.06787 05 28 38.41 -21 09 17.8          14.2 GV~5wYZK83
65803        KC2022 10 08.06834105 28 38.30 -21 09 18.3          14.2 GV~5wYZ595
65803         C2022 10 08.07021405 28 39.043-21 06 54.97         13.87oV~5wYZM22
65803        KC2022 10 08.07264805 28 40.66 -21 08 56.8          14.3 GV~5wYZ595
65803        KC2022 10 08.07695505 28 43.01 -21 08 35.0          14.5 GV~5wYZ595
65803        KC2022 10 08.08126305 28 45.37 -21 08 13.4          14.4 GV~5wYZ595
65803         C2022 10 08.11514405 29 03.18 -21 05 24.2          14.0 Vq~5wYZG23
65803         C2022 10 08.11831005 29 04.88 -21 05 07.7          15.3 Vq~5wYZG23
65803         C2022 10 08.12182605 29 06.79 -21 04 49.7          14.4 Vq~5wYZG23
65803         C2022 10 08.12534105 29 08.77 -21 04 31.9          14.1 Vq~5wYZG23
65803        KC2022 10 08.12691 05 29 10.69 -21 04 21.9                V~5wYZ204
65803         C2022 10 08.12885505 29 10.63 -21 04 13.8          14.2 Vq~5wYZG23
65803         C2022 10 08.13237205 29 12.50 -21 03 55.8          14.2 Vq~5wYZG23
65803        KC2022 10 08.13314 05 29 14.06 -21 03 50.3                V~5wYZ204
65803         C2022 10 08.13588805 29 14.46 -21 03 37.7          14.3 Vq~5wYZG23
65803         C2022 10 08.13940505 29 16.41 -21 03 19.9          14.4 Vq~5wYZG23
65803        KC2022 10 08.13949 05 29 17.51 -21 03 17.9                V~5wYZ204
65803         C2022 10 08.14292005 29 18.22 -21 03 01.7          14.0 Vq~5wYZG23
65803        KC2022 10 08.14394 05 29 19.92 -21 02 55.2                V~5wYZ204
65803         C2022 10 08.14643905 29 20.16 -21 02 43.5          14.1 Vq~5wYZG23
65803         C2022 10 08.14995705 29 22.07 -21 02 25.6          14.0 Vq~5wYZG23
65803        KC2022 10 08.15443 05 29 25.59 -21 02 01.6          14.5 GV~5wYZ204
65803         C2022 10 09.06097505 38 03.932-19 44 20.51         14.2 RX~5wYZB72
65803         C2022 10 09.06175305 38 04.347-19 44 16.52         14.3 RX~5wYZB72
65803         C2022 10 09.06214205 38 04.565-19 44 14.29         14.3 RX~5wYZB72
65803         C2022 10 09.06292105 38 04.953-19 44 10.56         14.5 RX~5wYZB72
65803         C2022 10 09.06447705 38 05.779-19 44 02.30         14.3 RX~5wYZB72
65803         C2022 10 09.06564505 38 06.424-19 43 56.67         14.4 RX~5wYZB72
65803         C2022 10 09.06603405 38 06.619-19 43 54.66         14.2 RX~5wYZB72
65803         C2022 10 09.06642505 38 06.829-19 43 52.57         14.3 RX~5wYZB72
65803         C2022 10 09.06720405 38 07.193-19 43 48.51         14.4 RX~5wYZB72
65803         C2022 10 09.06759105 38 07.423-19 43 47.00         14.4 RX~5wYZB72
65803         C2022 10 09.06798005 38 07.647-19 43 44.95         14.3 RX~5wYZB72
65803         C2022 10 09.06837005 38 07.857-19 43 42.95         14.4 RX~5wYZB72
65803         C2022 10 09.07070305 38 09.062-19 43 31.13         14.2 RX~5wYZB72
65803         C2022 10 09.07187005 38 09.702-19 43 25.10         14.3 RX~5wYZB72
65803         C2022 10 09.07226005 38 09.910-19 43 23.04         14.3 RX~5wYZB72
65803         C2022 10 09.07342805 38 10.512-19 43 17.12         14.2 RX~5wYZB72
65803         C2022 10 09.07381705 38 10.716-19 43 15.57         14.3 RX~5wYZB72
65803         C2022 10 09.07459605 38 11.127-19 43 11.10         14.3 RX~5wYZB72
65803         C2022 10 09.07498605 38 11.363-19 43 09.40         14.3 RX~5wYZB72
65803         C2022 10 09.07537605 38 11.555-19 43 07.56         14.3 RX~5wYZB72
65803         C2022 10 09.07576505 38 11.749-19 43 05.61         14.3 RX~5wYZB72
65803         C2022 10 09.07615505 38 11.963-19 43 03.54         14.1 RX~5wYZB72
65803         C2022 10 09.07654305 38 12.153-19 43 01.15         14.1 RX~5wYZB72
65803        5C2022 10 09.07917305 38 11.372-19 42 48.83         13.7 GV~60kT089
65803         C2022 10 09.08004905 38 14.025-19 42 43.81         14.2 RX~5wYZB72
65803         C2022 10 09.08277805 38 15.451-19 42 29.59         14.2 RX~5wYZB72
65803         C2022 10 09.08394305 38 16.074-19 42 24.24         14.2 RX~5wYZB72
65803         C2022 10 09.08550205 38 16.890-19 42 16.30         14.3 RX~5wYZB72
65803        5C2022 10 09.09111505 38 17.648-19 41 47.72         13.9 GV~60kT089
65803        5C2022 10 09.09310605 38 18.648-19 41 37.65         14.5 GV~60kT089
65803        5C2022 10 09.09509705 38 19.666-19 41 27.30         13.8 GV~60kT089
65803        5C2022 10 09.09708805 38 20.734-19 41 16.67         13.8 GV~60kT089
65803         C2022 10 09.10250405 38 24.881-19 38 31.85         14.08oV~5wYZM22
65803         C2022 10 09.10560205 38 26.467-19 38 15.90         14.03oV~5wYZM22
65803         C2022 10 09.12057905 38 34.138-19 36 59.18         14.25oV~5wYZM22
65803         C2022 10 09.12559905 38 36.694-19 36 33.23         14.00oV~5wYZM22
65803         C2022 10 09.13440 05 38 42.72 -19 38 07.0          14.3 GV~5wYZC23
65803         C2022 10 09.13964 05 38 45.49 -19 37 40.0          14.4 GV~5wYZC23
65803         C2022 10 09.14413 05 38 47.85 -19 37 16.6          14.6 GV~5wYZC23
65803         C2022 10 09.15162 05 38 51.78 -19 36 38.4          14.6 GV~5wYZC23
65803         C2022 10 09.15686 05 38 54.47 -19 36 11.8          14.5 GV~5wYZC23
65803        KC2022 10 09.18677705 39 10.020-19 33 37.42         14.2 rZ~5wYZM09
65803        KC2022 10 09.19013005 39 11.776-19 33 20.15         14.2 rZ~5wYZM09
65803        KC2022 10 09.19348005 39 13.529-19 33 02.78         14.2 rZ~5wYZM09
65803         C2022 10 09.26894105 40 00.842-19 24 09.11         13.98oV~5wYZW68
65803         C2022 10 09.28423605 40 08.750-19 22 52.39         14.28oV~5wYZW68
65803         C2022 10 09.28742705 40 10.387-19 22 36.34         14.26oV~5wYZW68
65803        KC2022 10 09.29927 05 40 16.50 -19 21 36.3          14.4 Vq~5wYZX03
65803         C2022 10 09.30414705 40 18.960-19 21 11.99         14.24oV~5wYZW68
65803        KC2022 10 09.30767 05 40 20.78 -19 20 53.8          14.4 Vq~5wYZX03
65803        KC2022 10 09.31607 05 40 25.06 -19 20 11.3          14.4 Vq~5wYZX03
65803        KC2022 10 09.32446 05 40 29.33 -19 19 28.8          14.4 Vq~5wYZX03
65803        KC2022 10 09.33288 05 40 33.60 -19 18 46.0          14.4 Vq~5wYZX03
65803        KC2022 10 09.34203 05 40 38.23 -19 17 59.4          14.5 Vq~5wYZX03
65803        KC2022 10 10.02748 05 46 48.71 -18 20 48.9          14.6 VZ~5wYZM44
65803        KC2022 10 10.02852 05 46 49.21 -18 20 43.5          14.7 VZ~5wYZM44
65803        KC2022 10 10.02933 05 46 49.61 -18 20 39.3          14.7 VZ~5wYZM44
65803        KC2022 10 10.03015 05 46 50.02 -18 20 35.1          14.6 VZ~5wYZM44
65803        KC2022 10 10.03102 05 46 50.44 -18 20 30.6          14.7 VZ~5wYZM44
65803        KC2022 10 10.03187 05 46 50.85 -18 20 26.1          14.7 VZ~5wYZM44
65803        KC2022 10 10.03273 05 46 51.27 -18 20 21.9          14.7 VZ~5wYZM44
65803        KC2022 10 10.03361 05 46 51.70 -18 20 17.3          14.7 VZ~5wYZM44
65803        KC2022 10 10.03441 05 46 52.08 -18 20 13.2          14.7 VZ~5wYZM44
65803        KC2022 10 10.03521 05 46 52.47 -18 20 09.0          14.6 VZ~5wYZM44
65803        KC2022 10 10.03609 05 46 52.90 -18 20 04.6          14.7 VZ~5wYZM44
65803        KC2022 10 10.03690 05 46 53.29 -18 20 00.4          14.7 VZ~5wYZM44
65803        KC2022 10 10.03771 05 46 53.69 -18 19 56.3          14.7 VZ~5wYZM44
65803        5C2022 10 10.08286505 47 18.430-18 16 31.44         14.1 GV~60kT089
65803        5C2022 10 10.08883805 47 21.441-18 16 00.21         14.0 GV~60kT089
65803        5C2022 10 10.09481005 47 24.377-18 15 29.81         13.8 GV~60kT089
65803        5C2022 10 10.09680005 47 25.365-18 15 20.09         13.6 GV~60kT089
65803        5C2022 10 10.09879105 47 26.346-18 15 09.34         13.8 GV~60kT089
65803        KC2022 10 10.12396 05 47 40.944-18 13 00.55         14.4 GX~5wYZK87
65803        KC2022 10 10.12740 05 47 42.672-18 12 42.98         14.3 GX~5wYZK87
65803        KC2022 10 10.13063 05 47 44.278-18 12 26.39         14.4 GX~5wYZK87
65803        %C2022 10 10.31100 05 49 21.955-17 54 32.51         14.4 GV~60kTW88
65803        %C2022 10 10.31638 05 49 24.578-17 54 05.22         14.4 GV~60kTW88
65803        %C2022 10 10.32207 05 49 27.362-17 53 36.35         14.4 GV~60kTW88
65803        2C2022 10 10.62677 05 52 10.00 -17 27 20.8          14.5 GV~5wYZQ62
65803        2C2022 10 10.62866 05 52 10.87 -17 27 11.5          14.4 GV~5wYZQ62
65803        2C2022 10 10.63053 05 52 11.79 -17 27 02.1          14.5 GV~5wYZQ62
65803        2C2022 10 11.75609 06 01 37.14 -15 51 12.8          14.1 GV~5wYZQ62
65803        2C2022 10 11.76689 06 01 42.05 -15 50 18.3          14.2 GV~5wYZQ62
65803        2C2022 10 11.77661 06 01 46.37 -15 49 29.0          13.9 GV~5wYZQ62
65803        KC2022 10 12.07372106 04 14.955-15 26 29.61         14.6 RX~5wYZB72
65803        KC2022 10 12.07518106 04 15.633-15 26 22.07         14.6 RX~5wYZB72
65803        KC2022 10 12.07643206 04 16.194-15 26 15.95         14.6 RX~5wYZB72
65803        KC2022 10 12.07768306 04 16.778-15 26 09.90         14.6 RX~5wYZB72
65803        KC2022 10 12.07893406 04 17.369-15 26 03.44         14.7 RX~5wYaB72
65803        KC2022 10 12.08018506 04 17.930-15 25 57.43         14.6 RX~5wYaB72
65803        KC2022 10 12.08143506 04 18.499-15 25 51.01         14.6 RX~5wYaB72
65803        KC2022 10 12.08268506 04 19.085-15 25 44.61         14.6 RX~5wYaB72
65803        KC2022 10 12.08393606 04 19.638-15 25 38.48         14.6 RX~5wYaB72
65803        KC2022 10 12.08518806 04 20.229-15 25 32.25         14.5 RX~5wYaB72
65803        KC2022 10 12.14667406 04 47.995-15 20 22.96         14.6 G ~5wYaK74
65803        KC2022 10 12.15007906 04 49.531-15 20 05.68         14.6 G ~5wYaK74
65803        KC2022 10 12.15348406 04 51.074-15 19 48.47         14.5 G ~5wYaK74
65803        KC2022 10 12.15688206 04 52.610-15 19 31.37         14.5 G ~5wYaK74
65803        KC2022 10 12.16028706 04 54.142-15 19 14.27         14.5 G ~5wYaK74
65803        KC2022 10 12.16347506 04 55.582-15 18 58.00         14.5 G ~5wYaK74
65803        KC2022 10 12.22544 06 05 31.38 -15 11 15.4          14.8 Vq~5wYaX03
65803        KC2022 10 12.22988 06 05 33.43 -15 10 53.5          14.8 Vq~5wYaX03
65803        KC2022 10 12.23434 06 05 35.48 -15 10 31.5          14.8 Vq~5wYaX03
65803        KC2022 10 12.23878 06 05 37.51 -15 10 09.6          14.8 Vq~5wYaX03
65803        KC2022 10 12.24325 06 05 39.55 -15 09 47.7          14.8 Vq~5wYaX03
65803        KC2022 10 12.24773 06 05 41.59 -15 09 25.6          14.8 Vq~5wYaX03
65803         C2022 10 12.43889 06 07 10.36 -14 55 24.0          14.7 GU~5wYaV16
65803         C2022 10 12.44200 06 07 11.70 -14 55 08.2          14.5 GU~5wYaV16
65803         C2022 10 12.44510 06 07 13.08 -14 54 53.0          14.6 GU~5wYaV16
65803         C2022 10 12.44820 06 07 14.45 -14 54 37.7          14.7 GU~5wYaV16
65803         C2022 10 12.45129 06 07 15.79 -14 54 22.1          14.7 GU~5wYaV16
65803         C2022 10 12.45439 06 07 17.13 -14 54 06.6          14.8 GU~5wYaV16
65803         C2022 10 12.45749 06 07 18.48 -14 53 51.1          14.7 GU~5wYaV16
65803         C2022 10 12.46060 06 07 19.84 -14 53 35.6          14.6 GU~5wYaV16
65803         C2022 10 13.07440 06 12 10.34 -14 02 26.3          14.8 Vv~5wYaA77
65803         C2022 10 13.07950 06 12 12.55 -14 02 01.7          14.7 Vv~5wYaA77
65803         C2022 10 13.08588 06 12 15.32 -14 01 30.0          14.8 Vv~5wYaA77
65803         C2022 10 13.09106 06 12 17.57 -14 01 04.5          14.9 Vv~5wYaA77
65803        5C2022 10 14.09251706 19 47.065-12 38 47.70         14.3 GV~60kT089
65803        5C2022 10 14.09450906 19 47.868-12 38 38.06         14.5 GV~60kT089
65803        5C2022 10 14.09649906 19 48.709-12 38 27.70         14.7 GV~60kT089
65803        5C2022 10 14.09849106 19 49.494-12 38 18.66         14.5 GV~60kT089
65803        5C2022 10 14.10048106 19 50.294-12 38 08.52         14.4 GV~60kT089
65803        5C2022 10 14.10247206 19 51.072-12 37 58.71         14.1 GV~60kT089
65803         C2022 10 14.17865 06 20 25.82 -12 31 36.4          14.9 GV~5wYaZ10
65803         C2022 10 14.18573 06 20 28.65 -12 31 02.3          14.9 GV~5wYaZ10
65803         C2022 10 14.19359 06 20 31.80 -12 30 24.1          14.9 GV~5wYaZ10
65803        KC2022 10 15.03340 06 26 35.18 -11 22 50.7                V~5wYaL85
65803        KC2022 10 15.07217 06 26 50.29 -11 19 46.8          14.7 VV~5wYaL85
65803        5C2022 10 15.11015706 27 03.365-11 16 56.82         14.4 GV~60kT089
65803        5C2022 10 15.11214606 27 04.128-11 16 47.05         14.7 GV~60kT089
65803        5C2022 10 15.11413806 27 04.902-11 16 37.33         14.5 GV~60kT089
65803        5C2022 10 15.11612706 27 05.692-11 16 27.82         14.4 GV~60kT089
65803        5C2022 10 15.12010906 27 07.254-11 16 09.02         14.2 GV~60kT089
65803        5C2022 10 15.12210106 27 07.987-11 15 59.22         14.9 GV~60kT089
65803        5C2022 10 15.12409006 27 08.765-11 15 50.09         14.2 GV~60kT089
65803        %C2022 10 15.29586 06 28 24.425-10 59 55.18         14.8 GV~60kTW88
65803        %C2022 10 15.29995 06 28 25.994-10 59 35.84         14.7 GV~60kTW88
65803        %C2022 10 15.30387 06 28 27.492-10 59 17.70         14.8 GV~60kTW88
65803        %C2022 10 15.30799 06 28 29.050-10 58 58.48         14.8 GV~60kTW88
65803        5C2022 10 16.08914906 33 43.729-10 00 13.13         14.8 GV~60kT089
65803        5C2022 10 16.09114106 33 44.514-10 00 04.01         13.7 GV~60kT089
65803        5C2022 10 16.09313106 33 45.226-09 59 55.00         13.6 GV~60kT089
65803        5C2022 10 16.09512306 33 45.947-09 59 45.78         14.2 GV~60kT089
65803        5C2022 10 16.09711206 33 46.669-09 59 36.55         14.5 GV~60kT089
65803        5C2022 10 16.09910406 33 47.395-09 59 27.07         14.9 GV~60kT089
65803        5C2022 10 16.10109506 33 48.140-09 59 17.62         14.4 GV~60kT089
65803        5C2022 10 16.10308606 33 48.889-09 59 08.68         13.8 GV~60kT089
65803         C2022 10 16.59860606 37 04.963-09 20 32.32         15.14oV~5wYaT05
65803         C2022 10 16.60239506 37 06.264-09 20 15.11         14.86oV~5wYaT05
65803         C2022 10 16.60911306 37 08.594-09 19 44.58         15.02oV~5wYaT05
65803         C2022 10 16.61470906 37 10.522-09 19 19.06         14.75oV~5wYaT05
65803        pC2022 10 16.68013 06 37 38.580-09 12 45.90         14.9 rZ~5wYaQ62
65803        pC2022 10 16.68549 06 37 40.462-09 12 21.60         14.9 rZ~5wYaQ62
65803        pC2022 10 16.69084 06 37 42.350-09 11 57.77         15.0 rZ~5wYaQ62
65803        KC2022 10 17.02926 06 39 52.91 -08 48 23.5          15.1 GX~5wYaC95
65803        KC2022 10 17.06420 06 40 05.43 -08 45 51.3          15.2 GX~5wYaC95
65803        KC2022 10 17.07320506 40 07.45 -08 45 15.5          15.2 Vq~5wYaG23
65803        KC2022 10 17.08846606 40 12.80 -08 44 07.3          15.1 Vq~5wYaG23
65803        KC2022 10 17.09911 06 40 17.80 -08 43 14.7          15.0 GX~5wYaC95
65803        KC2022 10 17.10374406 40 18.13 -08 42 59.0          15.2 Vq~5wYaG23
65803        KC2022 10 17.12663 06 40 27.44 -08 41 11.8          15.1 GX~5wYaC95
65803        KC2022 10 17.15411 06 40 36.95 -08 39 08.6          15.3 GX~5wYaC95
65803        3C2022 10 17.30807 06 41 36.929-08 25 29.14         15.3 GV~60kTW88
65803        3C2022 10 17.31659 06 41 39.842-08 24 51.55         15.3 GV~60kTW88
65803        KC2022 10 17.35195 06 41 51.98 -08 22 19.3          15.3 Vq~5wYaX03
65803        KC2022 10 17.35590 06 41 53.30 -08 22 01.8          15.2 Vq~5wYaX03
65803        KC2022 10 17.35984 06 41 54.63 -08 21 44.2          15.2 Vq~5wYaX03
65803        KC2022 10 17.36379 06 41 55.96 -08 21 26.8          15.2 Vq~5wYaX03
65803        KC2022 10 17.36775 06 41 57.27 -08 21 09.2          15.2 Vq~5wYaX03
65803        KC2022 10 17.37169 06 41 58.59 -08 20 51.7          15.2 Vq~5wYaX03
65803        KC2022 10 17.37563 06 41 59.91 -08 20 34.2          15.1 Vq~5wYaX03
65803        KC2022 10 17.38133 06 42 01.81 -08 20 08.9          15.3 Vq~5wYaX03
65803        KC2022 10 18.06525 06 46 15.18 -07 31 55.0          15.1 GX~5wYaC95
65803         C2022 10 18.09437506 46 23.65 -07 29 55.3          15.0 GV~5wYaK88
65803         C2022 10 18.09545406 46 24.02 -07 29 50.7          15.0 GV~5wYaK88
65803         C2022 10 18.09760106 46 24.72 -07 29 41.4          15.1 GV~5wYaK88
65803         C2022 10 18.09867606 46 25.08 -07 29 36.7          15.1 GV~5wYaK88
65803        KC2022 10 18.13325 06 46 37.78 -07 27 01.3          15.4 GX~5wYaC95
65803        KC2022 10 18.19528 06 46 58.05 -07 22 32.9          15.5 GX~5wYaC95
65803        KC2022 10 18.35031 06 47 55.42 -07 09 18.9          15.2 Vq~5wYaX03
65803        KC2022 10 18.36020 06 47 58.58 -07 08 36.4          15.2 Vq~5wYaX03
65803        KC2022 10 18.37010 06 48 01.72 -07 07 53.9          15.2 Vq~5wYaX03
65803        KC2022 10 18.38025 06 48 04.94 -07 07 10.2          15.2 Vq~5wYaX03
65803        KC2022 10 19.42183 06 54 04.20 -05 55 38.4          15.3 GV~5wYaW09
65803        KC2022 10 19.43871 06 54 09.33 -05 54 28.4          15.2 GV~5wYaW09
65803        KC2022 10 19.45485 06 54 14.20 -05 53 21.3          15.3 GV~5wYaW09
65803         C2022 10 19.47075 06 54 21.10 -05 52 02.8          15.3 GU~5wYaV16
65803         C2022 10 19.47401 06 54 22.10 -05 51 49.3          15.3 GU~5wYaV16
65803         C2022 10 19.47727 06 54 23.08 -05 51 35.6          15.1 GU~5wYaV16
65803         C2022 10 19.48056 06 54 24.06 -05 51 22.6          15.4 GU~5wYaV16
65803         C2022 10 19.48384 06 54 25.08 -05 51 08.6          15.3 GU~5wYaV16
65803         C2022 10 19.48711 06 54 26.02 -05 50 55.1          15.5 GU~5wYaV16
65803         C2022 10 19.49039 06 54 26.99 -05 50 41.5          15.4 GU~5wYaV16
65803         C2022 10 19.49366 06 54 27.97 -05 50 28.1          15.4 GU~5wYaV16
65803         C2022 10 19.71336 06 55 43.795-05 35 24.94         14.9 Vq~60kTQ21
65803        KC2022 10 19.71608 06 55 44.628-05 35 14.35         15.9 Vq~60kTQ21
65803         C2022 10 19.71860 06 55 45.420-05 35 03.23         15.7 Vq~60kTQ21
65803        KC2022 10 20.07625706 57 41.44 -05 10 55.6          15.3 Vq~60kTG23
65803        KC2022 10 20.09138006 57 45.97 -05 09 54.4          15.4 Vq~60kTG23
65803        KC2022 10 20.10659206 57 50.45 -05 08 52.5          15.4 Vq~60kTG23
65803        KC2022 10 20.35405 06 59 11.79 -04 52 05.2          15.5 GV~60kTW09
65803        KC2022 10 20.39740 06 59 24.44 -04 49 12.1          15.4 GV~60kTW09
65803        KC2022 10 20.44094 06 59 36.97 -04 46 17.7          14.9 GV~60kTW09
65803         C2022 10 20.47967 06 59 50.10 -04 43 30.5          15.5 GU~60kTV16
65803         C2022 10 20.48296 06 59 51.03 -04 43 17.5          15.4 GU~60kTV16
65803         C2022 10 20.48622 06 59 51.96 -04 43 04.4          15.4 GU~60kTV16
65803         C2022 10 20.48950 06 59 52.88 -04 42 51.2          15.5 GU~60kTV16
65803         C2022 10 20.49277 06 59 53.80 -04 42 38.3          15.5 GU~60kTV16
65803         C2022 10 20.49605 06 59 54.73 -04 42 25.1          15.4 GU~60kTV16
65803         C2022 10 20.49933 06 59 55.67 -04 42 11.4          15.4 GU~60kTV16
65803         C2022 10 20.50263 06 59 56.58 -04 41 58.9          15.3 GU~60kTV16
65803         C2022 10 20.58202907 00 23.748-04 36 24.59         15.26oV~60kTT05
65803         C2022 10 20.58383807 00 24.262-04 36 17.35         15.27oV~60kTT05
65803         C2022 10 20.58700207 00 25.154-04 36 04.82         15.42oV~60kTT05
65803         C2022 10 20.59701307 00 27.948-04 35 25.12         15.34oV~60kTT05
65803        KC2022 10 21.05310 07 02 51.08 -04 05 58.1          15.7 Vq~60kTL04
65803        KC2022 10 21.06733 07 02 55.11 -04 05 02.6          15.6 Vq~60kTL04
65803         C2022 10 21.07678207 02 58.459-04 02 22.52         15.35oV~60kTM22
65803         C2022 10 21.07961307 02 59.246-04 02 11.51         15.33oV~60kTM22
65803        KC2022 10 21.08157 07 02 59.14 -04 04 07.1          15.6 Vq~60kTL04
65803         C2022 10 21.08599607 03 01.010-04 01 46.70         15.32oV~60kTM22
65803        KC2022 10 21.09580 07 03 03.15 -04 03 11.5          15.6 Vq~60kTL04
65803        KC2022 10 21.11003 07 03 07.14 -04 02 16.0          15.6 Vq~60kTL04
65803        KC2022 10 21.12427 07 03 11.12 -04 01 20.5          15.8 Vq~60kTL04
65803         C2022 10 21.39904 07 04 37.843-03 43 14.20         15.5 rZ~60kTH06
65803         C2022 10 21.40499 07 04 39.490-03 42 51.26         15.9 rZ~60kTH06
65803         C2022 10 21.41050 07 04 40.999-03 42 30.06         15.8 rZ~60kTH06
65803         C2022 10 21.47157 07 04 57.88 -03 38 34.0          15.5 GU~60kTV16
65803         C2022 10 21.47474 07 04 58.77 -03 38 21.5          15.7 GU~60kTV16
65803         C2022 10 21.47791 07 04 59.59 -03 38 09.5          15.4 GU~60kTV16
65803         C2022 10 21.48112 07 05 00.44 -03 37 57.0          15.4 GU~60kTV16
65803         C2022 10 21.48429 07 05 01.28 -03 37 45.1          15.3 GU~60kTV16
65803         C2022 10 21.48746 07 05 02.15 -03 37 32.6          15.6 GU~60kTV16
65803         C2022 10 21.49063 07 05 02.98 -03 37 20.5          15.6 GU~60kTV16
65803         C2022 10 21.49380 07 05 03.84 -03 37 08.2          15.4 GU~60kTV16
65803        KC2022 10 22.11190 07 08 08.58 -02 58 05.5          15.4 GV~60kTC82
65803        KC2022 10 22.12422 07 08 11.83 -02 57 19.4          15.5 GV~60kTC82
65803        KC2022 10 22.13628 07 08 15.00 -02 56 34.1          15.5 GV~60kTC82
65803        KC2022 10 23.17306 07 13 09.082-01 53 02.62         15.7 GX~60kTK87
65803        KC2022 10 23.17501 07 13 09.578-01 52 55.74         15.6 GX~60kTK87
65803        KC2022 10 23.17697 07 13 10.063-01 52 48.83         15.6 GX~60kTK87
65803         C2022 10 23.29682107 13 46.447-01 43 36.95         15.84cV~60kTW68
65803         C2022 10 23.29997407 13 47.244-01 43 25.61         15.79cV~60kTW68
65803         C2022 10 23.30585607 13 48.706-01 43 04.55         15.67cV~60kTW68
65803         C2022 10 23.32387707 13 53.158-01 41 59.96         15.74cV~60kTW68
65803        DC2022 10 23.43172 07 14 23.208-01 37 16.72         15.9 rZ~60kTU69
65803        DC2022 10 23.43627 07 14 24.341-01 37 00.77         15.8 rZ~60kTU69
65803        DC2022 10 23.44081 07 14 25.478-01 36 44.64         15.8 rZ~60kTU69
65803         V2022 10 24.41232507 18 42.33 -00 39 50.7          15.5 BV~60kT270
65803         v2022 10 24.4123251 276.64247  +33.90559    171           ~60kT270
65803         V2022 10 24.41894307 18 43.92 -00 39 27.8          15.6 BV~60kT270
65803         v2022 10 24.4189431 276.64247  +33.90559    171           ~60kT270
65803         V2022 10 24.42528607 18 45.34 -00 39 05.9          15.6 BV~60kT270
65803         v2022 10 24.4252861 276.64247  +33.90559    171           ~60kT270
65803         V2022 10 24.43190407 18 46.81 -00 38 43.3          15.6 BV~60kT270
65803         v2022 10 24.4319041 276.64247  +33.90559    171           ~60kT270
65803         C2022 10 24.61078007 19 33.941-00 28 11.53         15.87cV~60kTT05
65803         C2022 10 24.64008207 19 40.445-00 26 31.45         16.01cV~60kTT05
65803         C2022 10 25.08613707 21 35.659-00 00 01.30         15.56oV~60kTM22
65803         C2022 10 25.09228507 21 36.998+00 00 19.48         15.52oV~60kTM22
65803         C2022 10 25.09503807 21 37.618+00 00 28.37         15.48oV~60kTM22
65803         C2022 10 25.11072507 21 41.078+00 01 21.00         15.63oV~60kTM22
65803         C2022 10 26.46057 07 27 08.59 +01 13 14.4          15.6 GU~60kTV16
65803         C2022 10 26.46374 07 27 09.30 +01 13 24.9          15.8 GU~60kTV16
65803         C2022 10 26.46690 07 27 09.89 +01 13 34.5          15.7 GU~60kTV16
65803         C2022 10 26.47005 07 27 10.52 +01 13 44.7          15.7 GU~60kTV16
65803         C2022 10 26.47321 07 27 11.15 +01 13 54.2          15.9 GU~60kTV16
65803         C2022 10 26.47636 07 27 11.81 +01 14 04.6          15.7 GU~60kTV16
65803         C2022 10 26.47951 07 27 12.44 +01 14 14.7          15.8 GU~60kTV16
65803         C2022 10 26.48266 07 27 13.08 +01 14 24.5          15.8 GU~60kTV16
65803         C2022 10 26.59615307 27 40.193+01 20 41.89         15.62oV~60kTT08
65803         C2022 10 26.60366607 27 41.688+01 21 05.65         15.68oV~60kTT08
65803         C2022 10 26.60689707 27 42.334+01 21 15.95         15.71oV~60kTT08
65803         C2022 10 26.62060307 27 45.050+01 21 59.33         15.65oV~60kTT08
65803         C2022 10 26.69847 07 28 05.592+01 25 41.56         15.3 Vq~60kTQ21
65803         C2022 10 26.70436 07 28 06.854+01 26 00.38         15.7 Vq~60kTQ21
65803         C2022 10 26.70965 07 28 07.970+01 26 17.02         15.9 Vq~60kTQ21
65803         C2022 10 26.71611 07 28 09.295+01 26 37.36         15.1 Vq~60kTQ21
65803         C2022 10 26.72201 07 28 10.529+01 26 55.93         15.7 Vq~60kTQ21
65803         C2022 10 26.72789 07 28 11.724+01 27 14.72         15.5 Vq~60kTQ21
65803         C2022 10 26.73318 07 28 12.830+01 27 31.36         15.2 Vq~60kTQ21
65803         V2022 10 26.74484007 28 15.66 +01 28 10.7          15.5 BV~60kT270
65803         v2022 10 26.7448401 134.17909  +34.51190     71           ~60kT270
65803         V2022 10 26.75104507 28 16.92 +01 28 29.9          15.3 BV~60kT270
65803         v2022 10 26.7510451 134.17909  +34.51190     71           ~60kT270
65803         V2022 10 26.75766307 28 18.29 +01 28 51.0          15.8 BV~60kT270
65803         v2022 10 26.7576631 134.17909  +34.51190     71           ~60kT270
65803         V2022 10 26.76414407 28 19.60 +01 29 11.2          15.6 BV~60kT270
65803         v2022 10 26.7641441 134.17909  +34.51190     71           ~60kT270
65803         V2022 10 26.77022007 28 20.37 +01 29 29.1          15.8 BV~60kT270
65803         v2022 10 26.7702201 140.20213  +36.17828    217           ~60kT270
65803         V2022 10 26.77904407 28 22.10 +01 29 56.9          15.6 BV~60kT270
65803         v2022 10 26.7790441 140.20213  +36.17828    217           ~60kT270
65803         V2022 10 26.78773107 28 23.85 +01 30 21.9          15.8 BV~60kT270
65803         v2022 10 26.7877311 140.20213  +36.17828    217           ~60kT270
65803         V2022 10 26.79655607 28 25.73 +01 30 51.4          15.8 BV~60kT270
65803         v2022 10 26.7965561 140.20213  +36.17828    217           ~60kT270
65803         C2022 10 27.13318 07 29 43.10 +01 48 10.6                V~60kT204
65803         C2022 10 27.14597 07 29 45.67 +01 48 50.3                V~60kT204
65803         C2022 10 27.16026 07 29 48.56 +01 49 34.7          15.9 GV~60kT204
65803         C2022 10 27.17454 07 29 51.41 +01 50 18.8                V~60kT204
65803         C2022 10 27.18806 07 29 54.13 +01 51 00.8                V~60kT204
65803         C2022 10 27.70909 07 31 53.237+02 17 47.87         16.1 Vq~60kTQ21
65803         C2022 10 27.71497 07 31 54.362+02 18 05.62         15.9 Vq~60kTQ21
65803         C2022 10 27.72086 07 31 55.548+02 18 23.72         15.7 Vq~60kTQ21
65803         C2022 10 27.72676 07 31 56.700+02 18 41.58         15.6 Vq~60kTQ21
65803         C2022 10 27.73853 07 31 58.970+02 19 17.44         16.0 Vq~60kTQ21
65803         C2022 10 27.75032 07 32 01.301+02 19 53.33         15.5 Vq~60kTQ21
65803         C2022 10 27.75620 07 32 02.429+02 20 11.18         15.7 Vq~60kTQ21
65803         C2022 10 27.76209 07 32 03.571+02 20 29.22         15.8 Vq~60kTQ21
65803         C2022 10 27.78748 07 32 09.06 +02 21 49.2          15.7 GV~60kTP87
65803         C2022 10 27.81506 07 32 14.30 +02 23 12.1          15.8 GV~60kTP87
65803         C2022 10 27.82273 07 32 15.75 +02 23 35.9          15.8 GV~60kTP87
65803         C2022 10 27.99191307 32 55.20 +02 31 50.5          15.7 GV~60kTL54
65803         C2022 10 28.00674507 32 58.20 +02 32 34.9          15.7 GV~60kTL54
65803         C2022 10 28.02337407 33 01.52 +02 33 25.2          15.6 GV~60kTL54
65803         C2022 10 28.03879607 33 04.55 +02 34 11.3          15.7 GV~60kTL54
65803         C2022 10 28.04240 07 33 05.46 +02 34 17.6                YEV165557
65803         C2022 10 28.05659907 33 08.05 +02 35 04.9          15.6 GV~60kTL54
65803         C2022 10 28.07617207 33 11.85 +02 36 03.6          15.7 GV~60kTL54
65803         C2022 10 28.08648 07 33 14.18 +02 36 29.9                YEV165557
65803         C2022 10 28.13271 07 33 23.15 +02 38 48.3                YEV165557
65803        !C2022 10 28.17738 07 33 34.322+02 41 27.10         16.7 GV~60kTG40
65803         C2022 10 28.17788 07 33 31.82 +02 41 03.1                YEV165557
65803        !C2022 10 28.19030 07 33 36.715+02 42 05.58         15.9 GV~60kTG40
65803        !C2022 10 28.20418 07 33 39.281+02 42 47.09         15.9 GV~60kTG40
65803        !C2022 10 28.21787 07 33 41.808+02 43 27.84         16.1 GV~60kTG40
65803        !C2022 10 28.23109 07 33 44.227+02 44 07.33         16.0 GV~60kTG40
65803         C2022 10 28.45599907 34 33.114+02 55 07.86         15.55GV~60kTG96
65803         C2022 10 28.46169207 34 34.165+02 55 24.60         15.90GV~60kTG96
65803         C2022 10 28.46738507 34 35.209+02 55 41.45         15.87GV~60kTG96
65803         C2022 10 28.46748 07 34 35.10 +02 55 43.0          15.9 GU~60kTV16
65803         C2022 10 28.47069 07 34 35.66 +02 55 52.1          15.9 GU~60kTV16
65803         C2022 10 28.47308107 34 36.235+02 55 58.62         15.42GV~60kTG96
65803         C2022 10 28.47389 07 34 36.24 +02 56 01.4          15.7 GU~60kTV16
65803         C2022 10 28.47710 07 34 36.84 +02 56 10.9          15.7 GU~60kTV16
65803         C2022 10 28.48030 07 34 37.46 +02 56 20.1          16.0 GU~60kTV16
65803         C2022 10 28.48349 07 34 38.02 +02 56 29.5          16.0 GU~60kTV16
65803         C2022 10 28.48670 07 34 38.61 +02 56 39.5          15.8 GU~60kTV16
65803         C2022 10 29.46475 07 38 00.79 +03 43 48.4          15.8 GU~60kTV16
65803         C2022 10 29.47054 07 38 01.80 +03 44 04.9          15.7 GU~60kTV16
65803         C2022 10 29.47635 07 38 02.81 +03 44 21.8          15.8 GU~60kTV16
65803         C2022 10 29.48214 07 38 03.80 +03 44 38.0          15.8 GU~60kTV16
65803         C2022 10 29.48793 07 38 04.79 +03 44 54.5          15.8 GU~60kTV16
65803         C2022 10 29.49372 07 38 05.79 +03 45 11.1          15.9 GU~60kTV16
65803         C2022 10 29.49953 07 38 06.78 +03 45 27.5          15.9 GU~60kTV16
65803         C2022 10 29.50531 07 38 07.79 +03 45 44.0          16.0 GU~60kUV16
65803         C2022 10 30.06688 07 40 01.30 +04 11 44.6          15.8 Rd~60kUB66
65803         C2022 10 30.08910 07 40 05.20 +04 12 46.8          15.6 Rd~60kUB66
65803         C2022 10 30.09771 07 40 06.17 +04 13 05.1                YEV165557
65803         C2022 10 30.11663 07 40 09.98 +04 14 03.5          15.6 Rd~60kUB66
65803         C2022 10 30.14024 07 40 14.05 +04 15 09.2          15.6 Rd~60kUB66
65803         C2022 10 30.14323 07 40 14.06 +04 15 11.5                YEV165557
65803         C2022 10 30.18574 07 40 21.76 +04 17 15.3          15.6 Rd~60kUB66
65803         C2022 10 30.18733 07 40 21.64 +04 17 13.6                YEV165557
65803         C2022 10 30.38118 07 41 02.60 +04 26 26.1          16.1 Vq~60kUH06
65803         C2022 10 30.38295 07 41 02.92 +04 26 30.9          16.3 Vq~60kUH06
65803         C2022 10 30.38471 07 41 03.11 +04 26 35.1          16.1 Vq~60kUH06
65803         C2022 10 30.39056807 41 04.513+04 26 52.04         15.57GV~60kU703
65803         C2022 10 30.39577707 41 05.370+04 27 06.73         15.31GV~60kU703
65803         C2022 10 30.40098707 41 06.292+04 27 20.81         15.49GV~60kU703
65803         C2022 10 30.40620107 41 07.184+04 27 34.99         15.48GV~60kU703
65803         C2022 10 30.60443807 41 43.279+04 36 55.19         15.78oV~60kUT08
65803         C2022 10 30.60767607 41 43.790+04 37 04.12         15.77oV~60kUT08
65803         C2022 10 30.61044407 41 44.230+04 37 11.64         15.79oV~60kUT08
65803         C2022 10 30.63295407 41 47.782+04 38 13.02         15.87oV~60kUT08
65803        KB2022 10 31.12165 07 43 20.13 +04 59 33.5          16.2 Vq~60kUM18
65803        KB2022 10 31.12895 07 43 21.31 +04 59 53.2          17.1 Vq~60kUM18
65803        KB2022 10 31.12895 07 43 21.34 +04 59 53.3          16.4 Vq~60kUM18
65803        KB2022 10 31.13626 07 43 22.53 +05 00 12.8          16.4 Vq~60kUM18
65803         V2022 10 31.28315207 43 52.23 +05 07 01.9          15.8 BV~60kU270
65803         v2022 10 31.2831521 262.42433  +35.56503    367           ~60kU270
65803         V2022 10 31.32134207 43 59.39 +05 08 38.0          15.7 BV~60kU270
65803         v2022 10 31.3213421 262.42433  +35.56503    367           ~60kU270
65803         C2022 10 31.32303507 43 58.303+05 10 12.90         16.22cV~60kUW68
65803         C2022 10 31.32618807 43 58.795+05 10 21.36         16.28cV~60kUW68
65803         C2022 10 31.33206207 43 59.729+05 10 37.06         16.20cV~60kUW68
65803         C2022 10 31.34336707 44 01.507+05 11 07.22         16.16cV~60kUW68
65803         V2022 10 31.35389707 44 04.84 +05 10 07.2          16.2 BV~60kU270
65803         v2022 10 31.3538971 262.42433  +35.56503    367           ~60kU270
65803         V2022 10 31.37375207 44 07.97 +05 10 59.2          16.0 BV~60kU270
65803         v2022 10 31.3737521 262.42433  +35.56503    367           ~60kU270
65803         C2022 11 01.46238 07 47 20.05 +05 58 14.0          15.9 GU~60kUV16
65803         C2022 11 01.47395 07 47 21.71 +05 58 43.7          15.9 GU~60kUV16
65803         C2022 11 01.47975 07 47 22.59 +05 58 58.6          15.9 GU~60kUV16
65803         C2022 11 01.48552 07 47 23.40 +05 59 13.3          16.1 GU~60kUV16
65803         C2022 11 01.49128 07 47 24.22 +05 59 28.0          15.9 GU~60kUV16
65803         C2022 11 01.49707 07 47 25.08 +05 59 42.8          15.9 GU~60kUV16
65803         C2022 11 01.50286 07 47 25.92 +05 59 57.6          15.9 GU~60kUV16
65803         C2022 11 01.57460907 47 40.054+06 03 13.50         16.19cV~60kUT05
65803         C2022 11 01.57777407 47 40.512+06 03 21.53         16.17cV~60kUT05
65803         C2022 11 01.58636007 47 41.734+06 03 43.49         16.20cV~60kUT05
65803        KB2022 11 02.09280 07 49 07.45 +06 24 21.9          16.5 VqEV109M18
65803        KB2022 11 02.12228 07 49 11.89 +06 25 36.3          15.8 VqEV109M18
65803         C2022 11 02.46148 07 50 08.33 +06 39 56.2          16.0 GU~60kUV16
65803         C2022 11 02.46719 07 50 09.09 +06 40 10.5          15.9 GU~60kUV16
65803         C2022 11 02.47291 07 50 09.88 +06 40 24.6          15.8 GU~60kUV16
65803         C2022 11 02.47861 07 50 10.66 +06 40 38.7          16.0 GU~60kUV16
65803         C2022 11 02.48432 07 50 11.47 +06 40 52.7          16.3 GU~60kUV16
65803         C2022 11 02.49003 07 50 12.23 +06 41 07.2          16.0 GU~60kUV16
65803         C2022 11 02.49575 07 50 13.02 +06 41 20.3          15.2 GU~60kUV16
65803         C2022 11 02.50147 07 50 13.85 +06 41 35.4          15.9 GU~60kUV16
65803        lC2022 11 03.73449 07 53 30.871+07 32 20.26         15.6 VZEV101Q62
65803        lC2022 11 03.75161 07 53 33.038+07 33 00.83         15.5 VZEV101Q62
65803        'C2022 11 04.16720 07 54 37.421+07 47 58.81         16.0 GVEV109G40
65803        'C2022 11 04.18072 07 54 39.122+07 48 30.64         16.0 GVEV109G40
65803        'C2022 11 04.19794 07 54 41.263+07 49 10.92         16.0 GVEV109G40
65803         C2022 11 04.35033907 55 03.979+07 56 15.76         16.24cVEV098W68
65803         C2022 11 04.35304107 55 04.310+07 56 22.13         16.14cVEV098W68
65803         C2022 11 04.35771507 55 04.882+07 56 32.86         16.21cVEV098W68
65803         C2022 11 04.35906607 55 05.050+07 56 35.95         16.19cVEV098W68
65803        KC2022 11 04.63532 07 55 46.49 +08 07 18.0          15.8 RqEV109E94
65803        KC2022 11 04.63773 07 55 46.81 +08 07 23.5          15.7 RqEV109E94
65803        KC2022 11 04.64014 07 55 47.14 +08 07 29.3          15.8 RqEV109E94
65803         C2022 11 04.77603 07 56 06.87 +08 11 13.0          16.1 GVEV101P87
65803         C2022 11 04.78225 07 56 07.64 +08 11 27.4          16.0 GVEV101P87
65803         C2022 11 04.79078 07 56 08.68 +08 11 47.3          16.0 GVEV101P87
65803         C2022 11 05.14370 07 56 59.26 +08 24 48.0          16.2 GVEV102C23
65803         C2022 11 05.15380 07 57 00.52 +08 25 10.9          16.1 GVEV102C23
65803         C2022 11 05.16535 07 57 01.95 +08 25 36.8          16.2 GVEV102C23
65803         C2022 11 05.47282307 57 45.972+08 37 24.71         15.83GVEV102703
65803         C2022 11 05.47778507 57 46.577+08 37 36.05         15.78GVEV102703
65803         C2022 11 05.48274207 57 47.113+08 37 46.63               VEV102703
65803         C2022 11 05.50465207 57 49.597+08 38 35.56         15.76GVEV102703
65803         C2022 11 05.82589807 58 35.38 +08 50 26.2          16.0 RVEV109D29
65803         C2022 11 05.84180707 58 37.15 +08 51 01.2          15.9 RVEV109D29
65803         C2022 11 05.85771607 58 38.95 +08 51 36.7          16.0 RVEV109D29
65803        1C2022 11 05.92884 07 58 51.22 +08 53 55.5          16.1 GVEV109C40
65803        1C2022 11 05.93705 07 58 52.25 +08 54 14.0          16.1 GVEV109C40
65803        1C2022 11 05.94515 07 58 53.27 +08 54 32.1          16.1 GVEV109C40
65803        KC2022 11 06.12352 07 59 15.96 +09 01 01.1          16.9 VtEV129B50
65803        KC2022 11 06.13444 07 59 17.22 +09 01 25.0          16.7 VtEV129B50
65803        KC2022 11 06.13782 07 59 17.65 +09 01 32.3          17.1 VtEV129B50
65803        KC2022 11 06.17403 07 59 21.75 +09 02 51.3          16.9 VtEV129B50
65803        KC2022 11 06.17863 07 59 24.084+09 03 25.74         16.3 GVEV109J47
65803        KC2022 11 06.18589107 59 23.038+09 03 16.52         16.2 GXEV109K74
65803        KC2022 11 06.18811007 59 23.294+09 03 21.49         15.7 GXEV109K74
65803        KC2022 11 06.19021107 59 23.525+09 03 26.32         16.2 GXEV109K74
65803        KC2022 11 06.19231307 59 23.784+09 03 30.74         16.0 GXEV109K74
65803        KC2022 11 06.19441407 59 24.026+09 03 35.68         16.1 GXEV109K74
65803        KC2022 11 06.19616707 59 24.221+09 03 39.60         16.3 GXEV109K74
65803        KC2022 11 06.20272 07 59 26.729+09 04 18.62         16.0 GVEV109J47
65803        KC2022 11 06.22653 07 59 29.316+09 05 10.68         15.9 GVEV109J47
65803        KC2022 11 06.45708 07 59 59.96 +09 13 16.3          16.5 VqEV109H36
65803        KC2022 11 06.47568 08 00 02.00 +09 13 56.4          16.2 VqEV109H36
65803         C2022 11 07.57203208 02 25.476+09 53 04.06         16.12oVEV116T08
65803         C2022 11 07.57387708 02 25.661+09 53 08.09         16.12oVEV116T08
65803         C2022 11 07.57711208 02 25.987+09 53 14.75         16.12oVEV116T08
65803         C2022 11 07.58635508 02 26.897+09 53 34.37         16.04oVEV116T08
65803         C2022 11 07.58709708 02 27.014+09 53 34.40         15.99oVEV116T05
65803         C2022 11 07.61258508 02 29.510+09 54 27.90         15.83oVEV116T05
65803         C2022 11 07.61439108 02 29.683+09 54 31.79         15.93oVEV116T05
65803         C2022 11 07.63286508 02 31.474+09 55 10.42         16.21oVEV116T05
65803         C2022 11 07.65284608 02 33.413+09 55 51.96         16.00oVEV116T05
65803        KC2022 11 07.98683608 03 17.890+10 06 46.67         16.1 GXEV118B72
65803        KC2022 11 07.98834108 03 18.048+10 06 49.70         16.1 GXEV118B72
65803        KC2022 11 07.98984708 03 18.253+10 06 52.79         16.1 GXEV118B72
65803        KC2022 11 07.99135208 03 18.394+10 06 56.28         15.1 GXEV118B72
65803        KC2022 11 07.99533608 03 18.861+10 07 04.68         13.6 GXEV118B72
65803        KC2022 11 07.99781508 03 19.155+10 07 09.38         16.2 GXEV118B72
65803        KC2022 11 07.99932108 03 19.328+10 07 12.51         16.3 GXEV118B72
65803        KC2022 11 08.00082608 03 19.485+10 07 15.94         16.2 GXEV118B72
65803        KC2022 11 08.00233408 03 19.659+10 07 18.97         16.1 GXEV118B72
65803        KC2022 11 08.00383908 03 19.835+10 07 22.44         16.2 GXEV118B72
65803        KC2022 11 08.00534608 03 20.011+10 07 25.12         16.2 GXEV118B72
65803         C2022 11 08.56194408 04 26.328+10 26 59.71         15.93oVEV118T08
65803         C2022 11 08.56379208 04 26.491+10 27 03.42         15.93oVEV118T08
65803         C2022 11 08.56656408 04 26.750+10 27 09.22         16.02oVEV118T08
65803         C2022 11 10.51434908 08 05.765+11 31 07.14         15.90oVEV126T05
65803         C2022 11 10.51751308 08 06.038+11 31 13.44         15.90oVEV126T05
65803         C2022 11 10.52297908 08 06.504+11 31 24.06         16.06oVEV126T05
65803         C2022 11 10.54884808 08 08.659+11 32 14.86         15.93oVEV126T05
65803        KC2022 11 11.04178508 08 59.664+11 47 23.14         15.8 GXEV129K74
65803        KC2022 11 11.04487208 08 59.926+11 47 28.82         15.8 GXEV129K74
65803        KC2022 11 11.04758608 09 00.180+11 47 34.30         15.8 GXEV129K74
65803        KC2022 11 14.56316 08 14 16.778+13 33 53.86         16.6 GVEW002U55
65803        KC2022 11 14.57316 08 14 17.402+13 34 10.60         16.1 GVEW002U55
65803        KC2022 11 14.58211 08 14 17.942+13 34 26.47         15.9 GVEW002U55
65803         C2022 11 16.32925208 16 29.885+14 25 28.06         16.11oVEW029W68
65803         C2022 11 16.33286008 16 30.055+14 25 33.96         16.10oVEW029W68
65803         C2022 11 16.34151608 16 30.466+14 25 48.83         16.12oVEW029W68
65803         C2022 11 16.35018108 16 30.874+14 26 03.52         15.98oVEW029W68
65803         C2022 11 16.59661208 16 47.443+14 32 07.30         16.00oVEW037T08
65803         C2022 11 16.60464108 16 47.798+14 32 20.80         16.04oVEW037T08
65803         C2022 11 16.62732008 16 48.751+14 32 58.78         16.07oVEW037T08
65803        KC2022 11 18.06964 08 18 22.44 +15 12 15.2          16.3 GVEW081Z39
65803         C2022 11 18.07379308 18 20.887+15 13 25.18         16.09oVEW067M22
65803         C2022 11 18.07837608 18 21.062+15 13 32.63         16.19oVEW067M22
65803         C2022 11 18.08642908 18 21.358+15 13 46.02         16.05oVEW067M22
65803         C2022 11 18.09366708 18 21.626+15 13 57.86         15.99oVEW067M22
65803        KC2022 11 18.11263 08 18 24.29 +15 13 27.6          16.2 GVEW081Z39
65803        KC2022 11 18.15854 08 18 26.09 +15 14 44.2          16.0 GVEW081Z39
65803         C2022 11 18.18269 08 18 25.84 +15 15 03.7          16.2 GVEW067C23
65803         C2022 11 18.19167 08 18 26.22 +15 15 18.1          16.3 GVEW067C23
65803         C2022 11 18.20065 08 18 26.59 +15 15 32.6          16.2 GVEW067C23
65803        KC2022 11 19.55063 08 19 39.06 +15 51 35.0          16.2 GVEW081U55
65803        KC2022 11 19.56320 08 19 39.47 +15 51 54.7          16.2 GVEW081U55
65803         C2022 11 19.56638808 19 41.484+15 52 26.44         15.91oVEW081T05
65803         C2022 11 19.56819908 19 41.530+15 52 29.42         15.95oVEW081T05
65803         C2022 11 19.57136308 19 41.623+15 52 34.50         15.91oVEW081T05
65803        KC2022 11 19.57556 08 19 39.89 +15 52 14.1          16.1 GVEW081U55
65803         C2022 11 20.03132 08 20 05.06 +16 04 14.9          15.6 RVEW116619
65803         C2022 11 20.03769 08 20 05.28 +16 04 25.2          15.5 RVEW116619
65803         C2022 11 20.04449 08 20 05.51 +16 04 36.3          15.5 RVEW116619
65803        KB2022 11 20.06502 08 20 05.53 +16 05 03.5          16.4 VqEW171M18
65803        KB2022 11 20.07120 08 20 05.77 +16 05 13.3          16.6 VqEW171M18
65803         C2022 11 20.18242 08 20 09.39 +16 08 15.1          16.0 RqEW116A77
65803         C2022 11 20.18647 08 20 09.51 +16 08 21.4          16.0 RqEW116A77
65803         C2022 11 20.19135 08 20 09.64 +16 08 28.9          16.0 RqEW116A77
65803        1C2022 11 21.35826408 21 01.962+16 38 45.67         16.04GVEW133703
65803        1C2022 11 21.36355808 21 02.099+16 38 54.17         15.98GVEW133703
65803        1C2022 11 21.36885308 21 02.236+16 39 02.66         16.16GVEW133703
65803        1C2022 11 21.37415708 21 02.358+16 39 11.23         16.17GVEW133703
65803         C2022 11 21.48628 08 21 04.44 +16 42 07.5          16.1 GUEW133V16
65803         C2022 11 21.49234 08 21 04.51 +16 42 16.5          16.0 GUEW133V16
65803         C2022 11 21.49804 08 21 04.60 +16 42 25.5          15.9 GUEW133V16
65803         C2022 11 21.50375 08 21 04.71 +16 42 34.1          15.8 GUEW133V16
65803         C2022 11 21.50946 08 21 04.80 +16 42 42.7          16.1 GUEW133V16
65803         C2022 11 21.51365 08 21 04.86 +16 42 49.0          16.1 GUEW133V16
65803         C2022 11 21.51897 08 21 04.96 +16 42 57.2          16.1 GUEW133V16
65803         C2022 11 21.56160008 21 08.506+16 44 14.06         16.51cVEW133T08
65803         C2022 11 21.56345008 21 08.532+16 44 16.98         16.47cVEW133T08
65803         C2022 11 21.56621908 21 08.582+16 44 21.34         16.57cVEW133T08
65803         C2022 11 21.57884508 21 08.762+16 44 41.14         16.62cVEW133T08
65803         C2022 11 22.03551 08 21 24.36 +16 56 15.4          16.5 VqEW151M47
65803         C2022 11 22.03847 08 21 24.41 +16 56 19.8          16.5 VqEW151M47
65803         C2022 11 22.04142 08 21 24.45 +16 56 25.2          16.7 VqEW151M47
65803        KC2022 11 22.04291 08 21 24.46 +16 56 26.3          16.5 VqEW151M47
65803         C2022 11 22.04440 08 21 24.52 +16 56 27.7          16.4 VqEW151M47
65803         C2022 11 22.04735 08 21 24.54 +16 56 32.5          16.2 VqEW151M47
65803         C2022 11 22.05031 08 21 24.55 +16 56 37.7          16.5 VqEW151M47
65803         C2022 11 23.55095208 22 12.262+17 34 21.11         16.07oVEW161T05
65803         C2022 11 23.55294608 22 12.264+17 34 24.17         16.08oVEW161T05
65803         C2022 11 23.56420308 22 12.319+17 34 41.27         15.96oVEW161T05
65803         C2022 11 23.56872708 22 12.336+17 34 48.14         16.04oVEW161T05
65803        1C2022 11 24.36174808 22 32.520+17 54 10.44         16.18GVEW171703
65803        1C2022 11 24.36700108 22 32.552+17 54 18.76         15.85GVEW171703
65803        1C2022 11 24.37225308 22 32.588+17 54 26.71         15.98GVEW171703
65803        1C2022 11 24.37751408 22 32.581+17 54 35.64               VEW171703
65803         C2022 11 24.42319 08 22 32.66 +17 55 44.6          16.2 GUEW235V16
65803         C2022 11 24.42897 08 22 32.72 +17 55 53.4          16.1 GUEW235V16
65803         C2022 11 24.43476 08 22 32.71 +17 56 01.8          16.3 GUEW235V16
65803         C2022 11 24.44054 08 22 32.71 +17 56 10.5          16.3 GUEW235V16
65803         C2022 11 24.44633 08 22 32.70 +17 56 19.4          16.1 GUEW235V16
65803         C2022 11 24.45211 08 22 32.73 +17 56 27.8          16.0 GUEW235V16
65803         C2022 11 24.45788 08 22 32.74 +17 56 36.4          16.1 GUEW235V16
65803         C2022 11 24.46367 08 22 32.75 +17 56 45.0          16.0 GUEW235V16
65803        0C2022 11 24.65305708 22 35.277+18 01 34.65         16.31GVEW235T12
65803        0C2022 11 24.65342208 22 35.277+18 01 35.17         16.40GVEW235T12
65803        0C2022 11 24.65381708 22 35.276+18 01 35.72         16.34GVEW235T12
65803        0C2022 11 24.65429308 22 35.275+18 01 36.41         16.40GVEW235T12
65803        0C2022 11 24.65464608 22 35.276+18 01 36.95         16.34GVEW235T12
65803        0C2022 11 24.65511908 22 35.274+18 01 37.62         16.40GVEW235T12
65803        0C2022 11 24.65544308 22 35.272+18 01 38.10         16.37GVEW235T12
65803        0C2022 11 24.65588508 22 35.272+18 01 38.70         16.37GVEW235T12
65803        0C2022 11 24.65628208 22 35.272+18 01 39.28         16.29GVEW235T12
65803        KC2022 11 24.71252 08 22 39.30 +18 02 47.0          16.3 VVEW190P87
65803        KC2022 11 24.72180 08 22 39.32 +18 03 01.3          16.3 GVEW190P87
65803        KC2022 11 24.73118 08 22 39.34 +18 03 15.4          16.2 GVEW190P87
65803        KC2022 11 24.93156408 22 44.071+18 07 48.13         16.2 GXEW190B72
65803        KC2022 11 24.94058208 22 44.200+18 08 01.80         16.1 GXEW190B72
65803        KC2022 11 24.94960108 22 44.322+18 08 15.60         16.2 GXEW190B72
65803        KC2022 11 24.95862608 22 44.442+18 08 29.44         16.3 GXEW190B72
65803        KC2022 11 24.96764708 22 44.559+18 08 43.26         16.5 GXEW190B72
65803        KC2022 11 24.97666808 22 44.654+18 08 56.99         16.1 GXEW190B72
65803        KC2022 11 24.98568908 22 44.748+18 09 10.84         16.1 GXEW190B72
65803        KC2022 11 24.99470608 22 44.845+18 09 24.42         16.1 GXEW190B72
65803        KC2022 11 25.00372708 22 44.902+18 09 38.30         16.2 GXEW190B72
65803        KC2022 11 25.01274708 22 44.991+18 09 52.00         16.1 GXEW190B72
65803         C2022 11 25.99250 08 22 59.98 +18 33 36.5          16.3 GVEW283C23
65803         C2022 11 26.00220 08 23 00.79 +18 33 59.3          16.4 VZEW190Z55
65803         C2022 11 26.00260 08 23 00.03 +18 33 51.6          16.3 GVEW283C23
65803         C2022 11 26.00367 08 23 00.80 +18 34 01.5          16.4 VZEW190Z55
65803         C2022 11 26.00513 08 23 00.81 +18 34 03.6          16.4 VZEW190Z55
65803         C2022 11 26.00659 08 23 00.82 +18 34 05.9          16.4 VZEW190Z55
65803         C2022 11 26.00806 08 23 00.81 +18 34 08.1          16.3 VZEW190Z55
65803         C2022 11 26.00952 08 23 00.83 +18 34 10.4          16.1 VZEW190Z55
65803         C2022 11 26.03808 08 23 00.10 +18 34 44.6          16.2 GVEW283C23
65803        KC2022 11 26.10409 08 23 00.310+18 36 30.10         16.2 rZEW220213
65803        KC2022 11 26.16061 08 22 59.974+18 37 52.50         16.2 rZEW220213
65803        KC2022 11 26.22299 08 22 59.580+18 39 22.03         16.2 rZEW220213
65803         C2022 11 26.63591508 23 03.994+18 49 35.44         15.91oVEW220T05
65803         C2022 11 26.64955008 23 03.818+18 49 54.70         16.28oVEW220T05
65803         C2022 11 26.65250008 23 03.780+18 49 58.80         15.99oVEW220T05
65803        0C2022 11 26.65271808 23 03.722+18 49 59.86         16.37GVEW252T12
65803        0C2022 11 26.65300608 23 03.716+18 50 00.27         16.48GVEW252T12
65803        0C2022 11 26.65331508 23 03.717+18 50 00.69         16.48GVEW252T12
65803        0C2022 11 26.65364908 23 03.712+18 50 01.16         16.42GVEW252T12
65803        0C2022 11 26.65406008 23 03.705+18 50 01.74         16.46GVEW252T12
65803        0C2022 11 26.65441508 23 03.701+18 50 02.24         16.44GVEW252T12
65803        0C2022 11 26.65473908 23 03.698+18 50 02.70         16.46GVEW252T12
65803        0C2022 11 26.65506708 23 03.693+18 50 03.15         16.48GVEW252T12
65803        0C2022 11 26.65533008 23 03.688+18 50 03.52         16.52GVEW252T12
65803        KC2022 11 26.98075 08 23 10.03 +18 57 25.5          16.3 GVEW235K14
65803        KC2022 11 26.99797 08 23 09.99 +18 57 51.3          16.1 GVEW235K14
65803        KC2022 11 27.14447408 23 08.36 +19 01 19.7          16.1 RqEW235215
65803        KC2022 11 27.14705508 23 08.33 +19 01 23.4          16.1 RqEW235215
65803        KC2022 11 27.14963608 23 08.31 +19 01 27.1          16.2 RqEW235215
65803        KC2022 11 27.18635 08 23 10.903+19 03 16.63         16.2 GXEW235X93
65803        KC2022 11 27.19072 08 23 10.853+19 03 23.29         16.1 GXEW235X93
65803        KC2022 11 27.19507 08 23 10.795+19 03 29.66         16.1 GXEW235X93
65803        1C2022 11 27.32510408 23 12.005+19 05 44.81         16.15GVEW235703
65803        1C2022 11 27.33041408 23 11.958+19 05 52.80         16.12GVEW235703
65803        1C2022 11 27.33573208 23 11.922+19 06 00.72         16.15GVEW235703
65803        1C2022 11 27.34104008 23 11.872+19 06 08.71         16.03GVEW235703
65803        KC2022 11 28.17024 08 23 14.73 +19 26 11.4          16.4 VqEW252X33
65803        KC2022 11 28.17516 08 23 14.71 +19 26 20.0          16.0 VqEW252X33
65803        KC2022 11 28.18008 08 23 14.73 +19 26 27.4          16.5 VqEW252X33
65803         R2003 11 14.277778   4811768870                  8560 253 JPLRS253
65803         r2003 11 14.277778C        10000                      253 JPLRS253
65803         R2003 11 14.333333   4813932400                  8560 253 JPLRS253
65803         r2003 11 14.333333C         2000                      253 JPLRS253
65803         R2003 11 15.250000   4857028000                  8560 253 JPLRS253
65803         r2003 11 15.250000C         1000                      253 JPLRS253
65803         R2003 11 23.141667   6056446235                  2380 251 JPLRS251
65803         r2003 11 23.141667C         1000                      251 JPLRS251
65803         R2003 11 24.135417   6295415153                  2380 251 JPLRS251
65803         r2003 11 24.135417C         1000                      251 JPLRS251
65803         R2003 11 26.176389   6833328100                  2380 251 JPLRS251
65803         r2003 11 26.176389C         1200                      251 JPLRS251
